1600 5364 794 1446
24 1037 9
323 1232 11
741 1495 13
1401 887 1
279 1466 4
34 292 2
85 150 18
184 1241 8
579 1529 16
913 598 15
833 859 11
1312 218 18
1576 1159 4
804 1252 5
892 208 18
1252 693 13
264 760 2
1434 637 12
1017 804 10
1446 677 6
1108 636 13
651 613 5
1188 1312 7
635 208 10
305 1082 7
1508 257 4
1140 243 7
890 1245 4
455 744 10
1262 518 17
153 244 14
366 493 18
652 215 15
579 669 15
1334 676 8
641 200 12
243 729 9
470 1165 14
430 323 18
178 671 15
952 1259 14
917 1181 12
734 188 13
223 1280 17
1003 246 3
2 637 8
18 1262 13
543 1295 17
1570 184 10
852 1035 12
354 208 19
226 650 5
651 1083 18
1263 851 5
1446 409 15
203 904 10
1108 637 15
603 623 1
1176 1017 16
1045 2 12
1100 883 8
676 652 19
1252 900 18
911 200 15
1312 52 10
985 650 15
833 277 8
623 887 1
163 887 4
983 375 9
131 1092 7
413 1427 4
302 366 16
1045 981 18
436 1104 9
650 1108 1
146 873 12
461 1529 15
1474 1243 7
1398 493 18
702 843 2
125 188 10
1489 1134 19
392 1107 6
304 1019 9
1209 625 14
228 1431 2
226 598 9
999 794 18
906 890 13
677 1070 18
1139 348 12
461 669 9
461 1209 7
1277 1102 14
51 781 18
689 817 13
680 1037 14
803 804 5
1038 283 17
1426 1138 14
493 787 17
504 1471 12
1547 851 16
1133 788 15
878 413 18
215 1535 10
892 1280 12
801 1545 3
794 1262 1
461 131 1
665 1398 14
1142 354 10
771 154 19
411 1058 10
215 543 5
1155 859 14
773 826 5
532 874 4
1104 1426 18
1138 1416 17
913 616 5
493 1473 1
819 368 16
99 1550 8
1414 854 14
439 146 15
991 890 16
100 1037 2
485 1318 10
464 873 7
437 244 1
332 1102 18
245 463 13
265 1232 15
1302 198 10
1498 1573 3
773 880 13
54 1123 6
1117 1407 10
181 1159 4
184 439 12
1181 687 5
1159 244 15
1006 977 19
1414 1123 8
1529 854 14
1466 1252 4
171 1280 14
181 322 1
1017 934 13
245 555 1
1392 383 4
534 1209 18
1281 204 10
23 601 16
222 153 13
1094 1044 19
392 1320 2
779 777 14
510 1389 7
913 210 10
911 250 2
188 332 16
1123 386 11
654 943 17
372 132 3
729 1469 9
404 928 17
1232 1508 2
1401 670 7
1199 791 9
1597 1296 12
642 1307 12
304 785 1
1005 720 1
690 373 2
1092 534 6
693 225 13
235 218 11
87 534 10
1320 859 19
325 341 12
1431 1401 13
529 63 14
1366 1241 18
215 23 18
307 534 7
1396 302 17
54 854 1
294 1040 5
23 1455 15
124 43 19
1431 1083 4
21 329 6
1277 218 9
1017 163 19
335 641 6
911 392 7
873 623 6
668 1275 12
1199 158 16
635 265 17
1369 814 7
728 188 18
356 1467 2
826 153 16
1305 1080 18
880 235 5
651 1252 8
1266 1245 6
693 1007 4
1014 901 3
269 1264 7
473 546 12
729 890 14
623 651 12
386 228 14
613 804 16
87 246 16
867 1403 7
290 873 3
436 1138 8
290 264 10
192 923 1
1504 1548 15
264 599 2
246 23 18
1041 1431 12
366 1199 5
833 1426 4
1251 1045 3
1578 263 15
1381 1225 7
1176 906 4
323 181 15
1556 483 11
1570 543 19
1070 409 6
1188 1427 9
184 1233 7
253 1391 16
1140 1554 10
1266 172 18
913 390 3
1396 1377 14
1226 650 15
854 534 18
1396 1038 11
307 1251 19
196 1233 3
517 574 12
1115 1084 19
226 1019 13
243 1587 4
998 969 11
536 335 6
1329 496 3
804 1297 1
223 1587 3
1570 603 10
19 270 8
1245 632 15
1474 1245 12
652 1570 16
1181 598 10
859 625 13
1476 349 1
223 892 8
485 18 19
820 1469 9
1420 1202 18
412 402 5
1427 363 8
1291 1404 18
826 734 13
118 472 11
209 1138 3
354 1504 11
480 591 2
906 279 14
926 1214 7
319 543 4
1019 985 1
1155 1426 4
1548 1029 12
1266 391 7
290 171 11
773 188 14
889 729 18
415 301 3
1430 1118 6
556 1019 8
1227 704 3
1555 1028 9
1396 80 3
894 703 2
456 669 7
304 518 1
826 1508 12
657 78 12
1019 983 16
217 156 9
1398 124 9
485 999 15
1245 1038 17
722 967 17
1280 635 9
1414 1529 16
1395 213 12
1233 892 10
27 902 15
882 167 7
124 1037 13
878 322 5
153 437 11
250 556 1
1138 601 4
222 1277 1
299 1435 15
550 1070 19
1052 382 9
390 194 18
854 246 16
1290 846 18
277 154 1
485 642 11
1176 1280 17
1483 603 3
1398 1548 13
724 1364 11
1233 900 16
1416 859 7
650 1262 4
603 23 2
297 1508 10
1138 449 18
754 945 4
279 801 4
803 184 5
1025 628 19
684 1494 4
536 194 3
226 1338 12
335 390 9
990 98 13
323 1037 11
301 1177 13
623 1401 14
1329 462 5
1083 184 17
906 934 6
171 279 2
1174 1222 2
556 1434 19
1037 302 5
642 687 17
1096 1350 8
1586 1561 1
1135 986 8
161 1201 15
54 215 6
241 1191 18
430 1070 4
1548 172 14
265 1038 16
270 297 17
1280 633 15
158 394 3
893 624 3
1232 19 11
250 983 19
981 1181 14
408 924 16
1245 243 12
18 794 3
449 436 1
820 1377 13
1297 739 13
1262 1019 14
641 859 19
223 73 3
746 1037 15
603 543 14
181 158 7
632 208 15
1545 1554 5
889 1245 5
1455 803 15
493 100 13
793 1131 18
1338 436 8
1460 623 7
803 651 3
392 226 1
394 19 4
1587 1396 10
1529 215 11
1245 172 17
29 633 17
290 1233 4
1441 340 3
670 264 14
1473 1038 14
1138 154 15
261 236 17
739 1077 6
223 24 8
1092 579 14
586 171 17
222 430 16
1487 520 9
1077 804 3
746 218 3
212 706 6
210 637 4
10 1407 14
1508 1312 4
1208 364 3
127 405 5
1176 670 8
303 373 14
281 253 5
1142 80 14
889 208 18
1241 804 2
1188 413 5
1233 670 1
670 633 17
210 999 16
543 1003 15
1262 999 12
1188 265 3
1364 398 8
241 1139 12
989 588 9
1372 1130 11
1377 43 1
390 637 16
1007 599 6
1389 354 11
100 366 7
833 131 13
100 34 9
87 1529 7
1554 599 13
1030 1123 5
1248 1552 18
336 1353 4
1504 283 13
1455 1483 9
633 116 9
1123 1003 13
425 327 12
67 55 2
633 887 1
803 439 7
456 209 19
927 92 8
1253 562 8
1414 1155 6
652 739 1
622 1087 13
794 556 12
773 153 4
1029 1427 7
464 1529 8
302 394 10
1460 116 17
290 906 6
194 1019 2
771 1455 2
943 1220 11
785 642 17
264 890 7
632 1469 14
339 818 7
1280 1554 15
766 244 8
184 622 14
635 1474 7
964 1378 3
235 19 11
243 889 4
257 773 11
210 598 12
171 1007 8
892 1176 9
1245 70 8
1576 1199 17
257 409 9
464 154 19
34 270 3
292 1038 11
445 680 19
430 332 8
1335 1397 1
744 49 11
906 1041 19
974 824 15
1243 857 13
1030 1414 6
18 518 6
1232 1148 2
1389 1266 3
1038 1105 12
791 1038 2
18 637 5
1078 231 8
1297 1241 12
632 820 3
304 1181 12
1199 34 14
913 1434 5
24 52 1
127 1567 9
878 493 5
1179 283 9
999 917 17
209 1529 1
820 900 17
1138 641 13
319 1455 3
854 1416 13
89 82 18
835 1570 7
670 892 14
279 1266 14
1322 1169 13
355 470 10
228 464 1
771 1414 16
1232 1037 14
131 669 17
322 960 12
1554 264 13
391 1554 7
251 426 9
1092 456 11
636 1338 7
371 747 1
746 1029 4
277 669 18
911 1104 17
1029 52 11
833 1338 19
859 1426 14
917 194 13
771 835 18
878 297 5
1127 856 3
1107 1449 15
1251 625 5
1587 1389 16
1373 549 1
622 1147 4
1416 1338 10
1497 817 6
579 54 15
1070 728 2
518 1325 11
1251 1338 2
1004 1229 12
1396 292 13
1277 181 17
432 1586 10
1529 246 1
669 625 16
1431 887 9
18 917 8
616 1181 17
981 972 4
622 29 7
734 1102 6
633 599 7
1251 1209 7
1204 369 15
1267 1575 14
875 340 5
322 746 11
1249 645 17
616 911 6
632 729 5
116 261 19
270 366 14
873 1041 10
493 302 13
760 801 16
1155 833 18
1160 1145 10
1435 620 8
449 1034 18
1445 1240 4
171 391 3
670 906 12
599 290 3
306 650 19
829 389 6
652 887 6
53 486 10
363 1587 13
1555 360 19
1353 1386 19
292 413 2
599 510 1
838 698 14
1233 873 9
1473 1029 6
687 913 3
277 1416 9
635 1245 15
889 117 8
1427 510 1
1233 633 7
464 87 12
1155 277 4
181 34 16
511 950 3
1466 633 5
256 1072 6
54 1483 2
835 54 7
880 244 10
1396 772 1
1209 449 2
729 991 13
859 1045 17
461 154 19
158 270 16
1414 579 11
1570 23 1
1592 1317 2
1506 147 16
906 116 8
390 911 12
1348 1138 9
1433 465 17
1302 632 17
641 636 12
1188 1508 18
1077 184 15
1188 52 2
510 243 11
668 1401 1
599 801 2
218 493 16
1466 116 8
1377 124 2
1262 985 7
934 873 16
1514 134 5
542 1078 16
693 146 13
534 1338 12
1245 991 18
413 791 18
386 319 3
1188 218 10
163 1087 12
1137 1254 16
250 1226 2
354 820 16
932 1186 17
1434 1181 11
424 255 17
1232 1312 17
396 1384 1
343 1061 10
1576 504 4
34 1037 7
1159 409 6
1529 228 16
1155 1416 18
635 1389 7
1576 366 13
392 1416 8
1044 811 1
981 194 13
316 1295 10
184 163 19
439 1007 12
1576 257 14
332 880 2
1338 1030 8
33 919 13
1241 1431 7
746 787 4
158 153 11
1222 1053 14
254 481 3
375 306 13
1209 1138 11
1142 292 16
1176 633 1
80 1038 1
899 792 14
163 225 3
1288 102 1
163 804 17
461 1414 1
200 1320 1
335 1181 12
625 636 3
584 102 5
599 820 10
983 637 16
880 1446 11
773 766 12
354 1245 7
52 283 9
880 125 18
599 906 4
354 890 12
650 687 10
1389 1245 4
1576 218 11
1255 1298 4
265 1427 7
1508 878 19
859 375 5
1092 87 10
911 1045 2
576 929 1
1226 1262 14
911 1320 19
1338 277 18
43 1548 19
279 889 16
246 601 7
29 651 8
1474 354 10
335 999 16
1123 771 13
635 1140 6
776 311 10
1170 654 18
556 518 10
692 732 13
1554 825 5
44 106 1
1466 801 14
358 309 1
335 306 13
603 613 5
1142 1029 13
1087 1252 7
553 393 16
1018 573 16
433 956 5
1037 791 17
1187 1116 8
323 677 8
677 411 2
326 384 8
188 244 4
517 676 8
1360 972 8
1502 931 16
1389 363 4
691 848 19
632 1377 17
1246 1103 7
386 1535 19
23 1297 19
637 911 15
854 1030 17
226 436 18
187 746 1
772 283 12
1297 1077 7
138 1579 9
601 209 4
779 1158 19
1266 780 9
319 622 16
29 903 4
981 913 3
1516 1131 3
1398 1038 17
58 495 8
632 80 15
99 276 19
1107 1251 7
464 579 6
1455 1087 9
787 80 17
1144 1153 15
154 1338 17
307 23 17
146 599 13
862 538 11
687 740 5
543 804 16
746 1576 7
1087 1483 4
591 775 4
803 1483 11
1431 29 15
228 1083 15
1574 758 18
270 787 18
1058 1424 1
1495 238 4
1142 43 15
1045 1138 11
518 250 12
536 917 10
264 172 17
880 153 4
539 165 9
1102 187 2
23 534 5
1266 1396 15
1325 556 17
306 687 7
1364 881 11
1572 1447 5
636 669 11
1452 1365 3
579 1535 19
1349 1400 14
1183 919 7
765 994 16
304 913 14
196 803 13
633 1252 18
27 1262 6
760 1554 16
395 274 15
302 413 5
292 1037 2
913 637 18
1346 1128 3
306 1262 9
194 1108 4
841 108 14
1323 581 12
1138 859 16
900 510 6
771 386 8
693 670 11
19 413 3
946 1368 9
632 265 5
1188 19 11
485 250 10
991 265 17
479 1494 3
991 1280 10
171 510 18
427 557 5
1595 450 10
826 218 6
1027 691 16
1058 766 2
366 1037 5
1155 1036 14
833 1449 1
1234 1542 18
257 100 17
1107 449 9
2 1108 1
171 890 7
947 772 18
601 669 19
375 390 7
449 859 15
752 611 13
1380 107 15
322 188 6
297 1159 18
838 292 3
456 246 11
222 125 1
69 808 19
43 265 2
18 304 15
1322 34 18
100 1159 15
87 131 12
1431 804 14
1199 1102 6
1148 1142 19
1471 1439 17
693 1068 15
1312 322 3
878 52 4
2 436 10
740 1226 8
284 1564 16
1338 131 13
683 48 16
19 283 18
899 797 16
1232 124 2
1012 52 13
465 1233 5
1068 1124 19
264 633 3
194 306 3
392 913 19
1041 670 11
1188 100 6
1427 80 12
1499 1191 2
836 320 5
1251 859 5
890 760 7
1338 601 14
302 772 10
1295 613 11
244 332 15
1266 801 9
131 534 10
625 1036 10
853 1223 13
181 1576 8
801 1176 3
878 187 19
1548 1427 2
267 1592 17
900 1235 17
381 1250 13
507 1454 16
409 734 9
1107 1155 1
1295 246 13
556 1320 14
223 1396 15
623 579 2
1600 1308 8
613 652 13
1030 1003 19
1087 803 3
24 1029 2
100 734 14
625 392 17
906 208 1
1064 1200 4
773 235 19
669 534 6
1019 250 9
642 794 17
878 1277 5
887 1041 12
1411 421 3
1504 265 14
80 302 19
277 1107 6
780 223 5
478 1564 16
246 1414 13
210 194 3
210 650 15
1338 461 7
697 258 7
934 613 5
54 295 13
648 1013 10
994 915 8
292 791 14
1297 835 17
613 29 18
87 456 9
1587 1245 2
1427 772 1
1252 873 8
199 1516 1
1401 1460 15
116 439 8
239 985 13
1434 375 8
1416 669 9
706 864 5
1600 1022 13
925 192 11
510 363 14
543 246 17
670 1466 14
1252 934 17
1527 859 5
1104 641 18
132 782 17
1030 833 17
918 36 5
225 171 1
1474 292 17
859 1104 15
1322 1405 9
1313 1285 2
181 153 18
243 1280 4
34 323 9
708 1508 4
34 322 19
1514 9 12
838 682 2
1108 981 19
1398 24 12
1104 1320 5
1545 208 9
601 456 9
1123 215 5
384 1567 14
1301 27 6
344 817 16
890 1038 15
601 1003 6
209 669 8
1455 1570 6
430 1102 16
804 873 9
56 1118 7
1429 720 10
1576 270 15
772 635 8
297 19 9
1537 1132 8
194 226 4
1017 803 11
1045 1416 6
100 270 14
887 1297 17
854 131 3
1277 366 17
818 317 4
319 1241 15
835 1460 5
925 62 18
773 1159 9
29 623 9
218 181 9
1079 1412 18
1484 855 5
826 430 18
26 727 2
1036 209 1
579 23 14
632 1548 14
740 642 6
700 1445 7
2 917 11
171 1041 4
235 297 7
1098 609 11
1438 1272 11
1320 1108 18
409 193 2
739 603 8
223 1245 9
154 456 12
1088 195 16
911 917 5
947 607 14
1587 1140 7
1214 899 11
316 1044 3
1396 1142 17
625 226 12
1077 622 14
1260 989 3
670 780 11
223 632 1
210 250 19
633 900 6
740 985 15
717 1066 2
1546 31 3
1297 1570 2
1477 39 2
585 1128 19
1320 1434 2
1148 24 6
655 675 7
1587 760 14
1455 464 5
482 1263 5
417 1275 2
1587 24 8
771 652 7
265 1469 14
934 1545 19
637 687 17
1107 1036 7
200 449 16
273 94 4
623 543 18
1276 1267 11
131 209 8
1096 701 15
297 754 6
1514 686 7
625 1338 19
439 290 7
1176 279 17
883 1154 2
598 1434 4
1548 1396 2
1396 1389 9
1478 403 4
225 548 6
188 235 16
1108 1426 2
824 1278 2
1083 623 15
589 1030 11
1585 587 12
729 1396 2
715 685 17
1266 890 2
613 835 5
757 1545 5
1102 125 5
359 672 12
1140 890 10
1232 413 9
265 1142 16
386 1209 9
1104 1036 19
794 740 13
1155 1449 5
322 297 12
1576 235 16
1498 526 5
366 34 8
802 1193 1
386 1030 15
1138 1338 4
1517 646 3
1294 1513 3
436 209 7
1449 625 2
838 629 18
1008 96 1
18 556 11
1299 1183 15
172 1377 12
223 1377 8
556 687 11
184 613 11
29 1233 18
366 1188 18
791 493 4
440 1441 15
625 641 17
464 771 18
1070 222 9
374 179 10
677 409 2
290 116 11
1434 263 16
636 461 18
153 1159 2
350 273 5
1504 1396 10
366 1473 1
176 234 19
1059 111 15
1297 1483 2
1466 1041 19
386 277 8
510 1469 8
223 1038 13
820 760 2
437 504 13
1554 261 7
535 1234 1
1576 100 2
963 1364 15
1142 1038 8
985 642 12
639 815 15
1367 573 17
1349 288 15
1403 180 7
430 411 2
133 47 8
461 997 9
917 983 8
266 612 12
131 386 7
766 181 16
1037 283 17
1087 1233 6
196 1041 2
297 880 6
171 991 11
292 787 10
1389 889 1
80 1474 18
279 1280 5
200 636 15
461 449 13
1070 411 10
911 598 8
1036 833 4
464 613 17
536 636 19
892 1554 10
1070 766 9
803 623 18
890 1554 7
694 325 7
651 652 8
380 490 8
613 1297 6
934 633 8
1434 983 17
889 599 8
1083 54 13
1434 1325 7
1107 375 8
87 1338 11
543 87 18
266 932 10
215 613 15
1280 760 12
1155 486 19
200 335 13
1570 228 19
1188 292 14
787 265 2
981 1138 12
985 785 13
803 1297 5
1557 1478 12
1017 196 2
991 1176 13
1280 391 7
1549 602 2
1036 1338 7
652 804 18
208 510 2
485 740 11
1102 323 5
2 335 4
913 1019 9
1396 635 10
52 1232 3
264 892 6
1077 543 16
1251 1155 2
335 1434 13
1115 739 16
437 677 4
188 181 19
195 196 3
124 1312 17
332 1058 5
386 1295 18
917 598 18
1245 801 9
1543 111 6
579 246 11
1066 679 16
16 896 1
1184 1185 14
1002 206 10
633 1041 19
878 158 3
623 613 4
1377 354 10
1370 109 4
209 1535 3
833 154 11
1396 208 13
1245 363 13
1456 256 12
543 1297 3
208 1548 14
414 1079 2
985 1325 17
495 801 16
780 172 18
1570 813 1
1446 931 3
194 1320 7
913 917 13
620 497 10
651 1297 5
1230 494 7
1037 1398 12
1077 1483 18
1488 205 18
304 1325 6
1295 854 4
23 386 15
246 1092 16
163 652 6
1531 868 8
760 349 4
244 734 3
1266 678 9
687 1325 2
1396 363 9
322 1102 15
244 411 1
1474 1142 8
1284 1242 17
1280 599 9
34 1312 1
536 650 19
279 934 16
215 319 2
184 835 15
840 746 19
574 623 17
208 780 2
1351 420 4
493 1029 12
1184 1462 3
642 304 15
270 308 13
514 213 8
363 1504 14
1466 1176 6
746 1188 19
461 1104 17
228 144 2
392 449 7
1312 493 9
1508 19 14
307 1455 9
1181 1325 5
430 728 6
124 292 6
1576 1277 14
780 264 2
1474 43 2
826 158 2
887 184 11
243 264 14
493 772 16
556 1270 1
1087 184 12
468 1239 9
1376 1064 12
598 390 2
780 1176 9
1539 731 17
196 739 11
1460 1233 4
636 911 5
1545 670 10
1124 935 4
476 1396 7
163 1545 13
191 1127 1
1483 184 3
319 87 16
1109 345 12
538 963 15
1474 772 9
104 782 16
835 23 16
409 504 12
959 434 13
319 1123 15
449 1449 17
24 635 4
536 1434 15
1017 1460 9
1085 773 5
54 228 6
803 1545 19
985 485 8
1421 740 11
98 1432 9
32 1563 3
1092 1030 1
760 1377 4
1248 213 6
187 1199 18
892 1466 4
363 890 5
1110 259 15
413 1473 15
283 1029 14
423 1599 3
1206 855 5
1542 390 1
1389 1377 17
1416 601 6
787 791 1
1469 223 12
1261 141 8
307 209 17
244 222 14
652 196 10
518 913 7
794 485 1
635 1148 14
880 734 4
561 30 7
279 780 9
153 125 6
536 1104 6
1108 1045 16
219 1377 12
836 570 14
222 218 6
295 628 9
1036 461 14
1029 1312 18
745 986 2
1377 1427 3
1104 449 12
916 61 12
247 1042 12
878 218 16
1449 1045 12
848 1051 5
181 1239 17
1414 1036 1
354 635 3
1188 1398 6
24 1473 15
261 1587 2
455 429 6
297 394 1
769 38 3
1038 124 5
1474 1038 13
1426 669 10
226 536 3
188 222 5
746 100 1
1306 685 2
635 223 5
391 632 17
485 785 7
208 1474 18
1083 23 8
246 771 18
1093 67 17
217 675 19
1564 1428 15
921 88 14
154 1092 2
422 1470 6
794 650 3
579 386 19
601 1036 3
735 1023 6
835 1003 12
124 791 6
1077 319 1
1452 608 6
215 1297 10
1260 190 8
146 934 4
510 1554 1
464 23 6
1036 76 5
598 536 7
890 1469 10
805 1223 4
256 1041 10
158 791 10
1449 1036 17
1401 804 14
1582 903 12
116 1176 2
641 375 1
223 729 4
114 121 13
1450 475 13
43 1029 5
1267 1469 18
167 787 10
1043 1323 12
1479 1457 4
1092 1036 19
889 780 14
764 216 8
772 1142 19
625 833 7
19 366 4
1318 650 18
734 19 16
1142 208 19
914 301 13
934 116 17
579 739 12
1252 196 3
510 1140 19
854 154 8
2 1181 1
1398 1377 11
622 803 15
1143 647 9
1159 34 9
1181 1019 13
1466 599 14
1155 1209 8
686 942 19
522 809 8
1434 392 13
1485 1355 14
392 200 14
474 397 15
1083 1297 6
332 437 5
1036 1251 7
319 1529 11
1338 1209 13
1107 1209 3
1466 225 1
181 297 3
1446 1102 2
464 534 2
493 283 7
889 171 2
218 1508 8
1033 1194 10
1019 485 1
181 504 2
983 913 13
1029 1037 1
323 218 14
1313 233 4
413 787 16
1446 437 5
1431 803 6
1019 536 11
1121 155 4
579 319 13
633 873 11
402 568 2
599 693 10
319 54 13
1007 1310 11
1209 1414 14
1017 1007 11
485 306 5
695 213 6
18 194 4
1140 43 9
1017 1286 14
934 892 19
297 34 1
598 1104 6
641 390 12
290 1176 11
181 187 10
43 1427 3
1273 603 1
1466 290 8
1029 878 17
816 1 9
613 887 18
565 1069 6
601 1126 8
1389 391 19
955 1558 18
307 603 10
981 911 17
1102 153 11
729 1280 15
1029 218 12
370 1452 5
1077 613 1
540 1183 2
366 413 4
1058 125 12
632 354 17
635 124 18
854 87 4
1148 208 14
1003 215 12
210 642 19
1529 771 8
510 780 13
564 1236 8
1426 1449 9
483 378 2
244 504 12
19 1199 4
1297 1123 5
386 154 16
360 1594 7
226 911 2
1226 794 4
1431 1017 11
1501 665 19
983 616 1
880 1159 18
1413 299 11
7 573 13
302 1232 15
739 543 8
801 510 4
851 812 10
731 1016 18
246 1570 5
1463 108 11
725 49 3
454 410 6
1434 2 1
1312 746 10
449 911 16
1017 439 7
681 549 18
1003 87 15
1295 1123 5
1529 617 4
1232 366 10
669 1295 10
271 1458 8
1266 599 8
304 999 5
196 1460 13
297 100 6
181 409 7
1300 103 13
1440 850 5
746 493 3
404 854 16
363 1474 3
1389 172 12
1434 18 6
801 1389 1
1107 1104 14
270 878 5
983 1108 6
599 670 12
652 622 12
196 184 16
1452 1283 4
773 332 10
1241 613 11
1262 642 7
1398 292 18
762 972 5
1559 694 12
1071 537 12
1425 1276 17
1107 209 3
430 1199 6
263 9 1
536 1287 14
916 1407 4
1566 1055 2
270 187 4
1587 729 5
384 611 14
996 908 18
1070 125 10
449 1045 6
146 1252 4
200 536 6
745 1170 17
647 459 3
323 1508 11
693 1233 12
283 1427 7
131 1529 17
1540 533 6
1338 1003 13
771 1003 9
906 889 5
739 1252 18
215 1077 18
42 117 8
43 1389 19
1455 603 9
602 813 5
833 911 6
153 766 15
1077 1431 9
223 510 15
983 1325 6
773 1102 17
1460 693 13
504 677 9
222 257 5
303 1528 11
1180 867 16
860 1251 14
1053 522 4
780 391 6
439 29 7
940 300 6
100 787 2
1188 787 5
1188 878 12
1473 1037 18
1269 1280 3
1231 521 19
794 687 5
577 909 1
255 966 15
264 1280 16
1050 281 5
215 835 18
1102 826 2
171 1389 3
436 1251 1
1427 218 3
80 1312 6
683 936 12
1176 171 5
872 1453 4
498 724 2
651 1440 15
394 366 5
172 1140 14
661 435 4
306 1325 5
257 411 17
1297 1087 11
436 1036 19
696 1000 13
1297 319 18
1249 785 12
643 1272 1
390 2 2
1233 261 9
1427 1232 2
1115 220 6
536 641 18
625 1503 11
510 1280 15
693 1176 13
258 1338 5
375 334 13
593 200 16
826 100 9
222 323 4
456 1107 10
643 1427 18
734 125 19
1550 518 2
635 1398 6
1545 693 4
283 878 3
1007 225 9
342 1544 14
1392 1198 3
753 1590 2
1399 995 13
766 1159 14
1159 504 7
1050 1359 14
335 226 18
1587 1469 9
1159 270 17
1077 887 13
952 1478 13
124 1212 16
1570 54 1
1261 1578 10
636 833 16
826 297 5
1545 906 4
652 1087 15
599 171 10
1554 1266 14
1155 1138 4
368 1344 2
76 269 6
983 390 16
601 277 10
252 850 1
394 1037 13
641 226 7
1414 209 1
780 261 11
785 306 5
225 900 13
1449 436 2
1483 29 17
833 436 6
1074 1415 18
1241 835 11
329 1246 14
1111 1065 5
243 1389 19
1427 1142 11
826 1576 3
1123 854 14
1030 246 13
991 1545 6
412 391 15
335 913 5
991 1140 15
619 814 14
1389 1469 2
1469 208 12
634 463 12
388 802 15
911 194 8
1007 1545 15
803 934 19
456 1030 18
895 186 7
1243 448 11
1145 720 8
552 445 14
485 1226 15
1483 873 13
1312 1037 2
1434 636 10
208 1140 15
335 250 9
563 393 17
87 307 2
1087 1570 17
1426 636 4
1093 593 9
188 1199 6
1209 1416 4
1505 298 10
776 487 19
1504 635 3
999 650 5
2 306 2
171 116 14
510 391 16
1118 1447 15
1473 1548 5
791 1504 8
391 354 17
292 24 15
1159 1070 18
1036 392 13
1320 449 5
131 1416 16
218 413 14
295 369 3
1529 1295 7
806 412 9
1086 1561 2
401 969 7
243 363 17
1036 636 4
94 858 16
1032 199 1
1251 1104 9
277 1045 1
1449 1092 2
1548 1469 5
510 693 4
780 1554 5
1087 887 18
780 892 2
900 889 18
194 375 17
54 87 9
246 739 8
1416 1107 6
1104 833 1
641 1181 10
1126 3 9
93 490 10
1295 228 15
278 1357 7
225 1087 11
494 1111 1
670 1266 11
210 1181 1
1554 632 14
683 1363 15
169 1150 12
1138 669 6
210 658 15
791 322 11
163 1460 8
225 196 15
1233 1545 5
181 257 13
983 911 15
747 1105 14
1209 833 3
205 230 2
250 985 5
1356 558 12
464 1083 17
785 1325 11
1333 1496 6
1548 124 7
575 357 1
464 386 8
854 1209 12
1176 1545 1
75 906 13
218 366 16
703 1331 9
1277 1312 1
265 1474 13
734 1277 9
454 910 8
277 1104 12
264 1233 17
820 1554 15
409 188 5
918 822 8
1104 375 19
854 1251 7
461 854 9
1338 1529 16
322 773 1
292 772 11
1176 1252 1
1449 981 18
42 443 18
153 187 2
1295 1083 12
1584 1092 16
772 1188 11
791 394 5
1349 1289 4
833 917 11
1401 1041 17
791 52 1
1535 1338 9
306 616 16
228 622 1
449 1338 1
820 991 9
1548 1142 5
235 1277 15
390 917 7
632 1140 10
1013 48 17
1325 1318 3
361 951 4
1528 1502 18
1233 225 6
1107 641 8
411 1446 18
1037 772 10
859 911 12
1249 239 9
1440 291 16
181 1102 17
35 298 9
772 43 6
1070 773 10
1444 1548 10
1449 669 15
1446 297 3
637 794 13
1058 1070 5
878 366 13
1396 1473 19
290 1017 10
418 1175 14
1473 1474 2
1484 997 4
1427 787 5
1070 332 7
456 1535 10
1389 1466 18
124 1473 17
1455 1083 16
785 1019 5
1423 446 3
146 887 17
833 98 4
413 1037 17
152 1589 16
994 1582 6
650 1434 10
306 250 10
164 165 11
791 218 11
409 187 3
87 1535 12
215 307 1
835 251 2
1108 390 14
811 962 18
116 264 9
375 392 19
439 693 12
1473 772 9
791 1102 1
616 375 13
394 413 16
1529 835 4
52 187 5
215 579 2
297 1102 7
739 464 7
226 636 7
1535 1494 8
146 225 8
543 1529 10
693 116 8
746 1159 2
1389 729 16
228 739 14
19 1102 13
291 336 12
1397 1047 3
1550 50 18
793 942 18
43 223 12
900 1466 15
1469 363 14
257 187 9
1108 449 7
1119 1387 11
637 556 1
198 1290 8
1535 534 18
1558 328 17
633 290 3
163 803 12
633 261 2
760 599 10
1176 1340 7
246 461 18
2 636 18
1217 800 8
983 598 11
1038 635 6
52 1548 8
872 431 11
1234 905 7
1479 275 4
1176 225 3
297 153 9
1178 1378 2
464 1483 14
24 265 19
1140 1266 14
766 728 13
92 211 18
449 226 3
43 1038 17
60 351 18
1123 739 7
171 801 9
791 1569 14
980 960 16
637 1019 2
323 394 13
323 187 4
804 1083 16
95 4 10
1280 1041 14
592 1147 17
1245 820 10
301 513 16
1423 204 7
1427 366 12
880 1058 3
1524 516 7
648 982 14
493 24 17
880 188 17
641 18 10
1455 1241 15
670 801 11
1252 29 12
322 218 9
1102 411 16
503 419 4
449 1036 9
1377 265 15
163 693 6
1155 131 17
900 1087 19
257 323 18
807 1162 17
375 637 5
1510 476 6
983 985 2
1129 250 14
652 1077 3
1226 375 14
1058 773 10
1140 889 4
1576 1508 16
29 693 15
1569 128 5
641 449 18
586 1482 18
481 1237 5
1512 1292 19
1396 1140 13
934 1483 18
363 1140 15
1427 1312 5
1148 363 1
999 637 8
804 146 11
652 623 12
1107 859 11
391 243 6
302 1474 2
413 158 14
670 146 9
1576 880 19
277 461 1
991 892 7
766 437 12
223 1142 16
1174 258 5
767 1495 15
669 1535 11
1214 1143 9
195 1027 1
1037 1148 17
1455 1295 4
461 1449 2
820 635 17
493 80 4
265 223 16
236 78 16
29 934 11
1295 601 1
598 650 18
37 1024 10
1491 214 10
1041 279 1
37 1527 11
23 154 18
1265 1275 15
1029 265 3
623 1483 2
1398 1473 7
917 1320 3
437 430 13
734 1070 4
235 826 7
1522 582 5
1416 1104 3
1138 1036 18
1234 1261 15
1003 54 6
632 1587 11
622 1431 19
283 1142 2
116 1007 19
1249 1572 17
100 1473 16
1030 87 10
1241 87 10
985 210 16
439 1483 12
892 261 6
1431 1087 17
1241 307 4
650 1325 19
901 1339 8
271 747 15
391 172 2
1152 1467 16
146 633 16
1092 1155 13
1333 811 4
906 243 13
1266 510 16
226 1426 8
1087 1017 10
892 900 19
1466 163 6
44 1196 18
290 670 6
88 755 9
791 80 5
734 158 6
277 449 18
175 135 12
992 117 10
277 1414 7
1083 246 12
1297 1431 15
135 111 4
1037 493 1
137 1406 2
677 153 5
1015 1100 2
1017 1233 14
1252 994 19
437 1058 14
1576 1102 2
896 129 1
636 1104 9
1205 96 7
140 1050 15
323 773 12
226 1320 16
742 1131 13
210 616 17
1535 461 19
616 1434 19
808 1361 5
923 728 16
1176 1401 18
746 34 18
335 616 2
321 993 13
957 1511 13
803 1570 13
307 1123 4
307 601 18
228 603 3
349 1157 6
846 1276 9
652 835 12
1545 1401 8
1493 1258 5
1545 599 1
739 319 2
1297 603 14
890 801 18
859 1108 10
880 158 14
1028 274 3
19 292 10
292 52 10
1205 779 4
1148 43 9
711 1209 4
34 1508 8
391 889 1
390 1181 3
250 598 16
197 1549 4
1277 158 7
304 485 6
1155 1338 1
456 1251 19
911 335 8
1455 1382 6
355 1487 3
23 1414 2
804 739 16
1001 95 15
158 409 14
169 154 13
1301 450 3
900 279 10
1466 1280 6
409 1058 8
187 222 19
787 1398 11
542 1418 17
215 603 10
226 375 1
1209 1535 12
1123 1077 19
647 577 17
279 510 4
629 1473 16
991 509 7
787 124 14
1542 1475 7
1529 1003 1
934 1401 5
1199 323 1
1251 1426 19
917 210 13
1030 739 11
1219 638 1
1007 279 15
651 873 3
491 1456 2
1352 969 9
1164 1046 14
983 2 18
268 397 12
603 652 9
1545 264 14
1280 1389 13
302 1398 7
510 1245 11
601 1535 8
739 184 14
771 579 18
335 1426 16
1159 188 8
391 208 19
394 322 7
319 1570 15
354 265 1
1311 1596 4
311 484 9
887 29 19
1535 1030 13
292 1029 8
1475 2 16
261 599 4
65 187 3
1181 911 19
637 383 11
290 1007 15
598 375 1
1587 890 17
625 1416 7
613 1233 13
772 265 2
411 153 2
1232 1038 14
889 632 17
188 504 6
1570 623 1
563 1200 11
900 670 1
1456 466 16
1070 244 6
235 734 3
425 301 12
536 913 3
250 913 19
906 693 2
934 1176 10
1416 1251 10
1312 394 17
613 771 2
362 1522 7
760 510 9
710 10 18
938 65 14
650 485 13
209 1416 18
833 981 12
463 73 13
603 804 14
878 394 1
1466 1545 2
635 729 2
1228 1056 12
411 734 15
944 961 9
1390 855 1
1449 636 14
456 386 19
427 478 13
824 572 16
116 1401 14
1506 204 11
1408 921 19
1277 19 14
1232 218 14
878 1576 9
1431 1460 12
820 1140 5
1177 1190 12
1328 1042 19
1446 728 15
363 1548 7
637 194 1
1165 1020 3
378 316 9
780 599 15
728 1102 8
172 1469 17
1107 436 13
73 1122 15
1233 1401 12
556 226 5
144 79 10
1413 505 17
772 1469 9
206 666 4
508 56 14
1587 1548 18
449 375 13
518 1019 8
614 447 1
592 1219 2
1548 1038 7
803 1252 10
906 1233 8
244 1576 11
675 1202 11
1297 196 15
625 1535 19
1474 1398 9
1241 887 12
1460 1087 18
616 637 16
1141 1481 3
322 1199 10
1414 154 8
985 1226 5
1434 226 13
766 880 12
1004 470 3
226 2 6
567 51 13
172 243 10
144 107 1
483 1395 17
1019 1226 4
329 690 19
257 235 15
581 1431 5
499 733 4
1273 1491 18
1134 1112 4
290 693 6
1398 80 10
196 887 2
669 1030 11
290 801 15
391 1245 16
1270 1465 1
337 629 12
858 534 9
382 743 9
430 181 6
881 532 4
771 228 1
729 1140 16
1232 34 8
1019 390 7
279 391 11
464 1297 8
1455 228 7
208 890 3
1188 124 11
171 900 16
1455 184 11
1396 1245 8
643 1205 13
1495 82 2
1470 1526 11
188 1070 8
985 999 9
292 394 14
375 1426 3
1460 613 16
493 394 11
1017 623 12
1029 1038 19
386 669 2
804 196 5
209 461 11
87 1209 9
1106 1461 19
1548 80 1
983 335 14
196 623 6
1267 1443 8
1407 1271 3
851 1421 11
1508 791 3
223 1389 16
1077 623 18
24 791 2
465 935 8
890 599 5
1318 740 8
636 1209 1
1427 1037 12
1092 1251 6
887 1083 2
493 158 8
43 1398 13
1159 322 13
760 208 16
569 1392 6
386 1414 8
1232 322 6
1490 93 18
19 34 12
228 579 3
392 1108 18
100 322 16
1279 1111 12
913 1104 4
1041 622 5
780 1007 14
518 485 2
469 737 8
728 437 16
309 1171 16
409 880 4
430 125 10
18 1325 1
439 1077 10
185 1286 1
1204 695 1
1155 209 13
1545 439 2
1262 687 14
510 1466 1
740 556 12
599 892 10
1232 283 11
704 707 4
1029 1396 13
209 1338 6
209 1045 13
196 873 1
215 87 5
709 1287 8
1036 1416 4
411 1199 17
225 1083 5
1003 228 12
887 1233 8
338 241 5
780 171 1
161 1500 7
990 151 2
1092 215 2
292 635 14
265 124 17
1166 7 11
510 354 1
87 428 10
716 1122 1
1128 376 6
363 820 17
437 880 2
873 1582 11
367 386 13
493 605 14
729 1548 3
1475 1224 1
441 1194 12
1473 791 8
1138 461 13
80 1029 7
804 623 2
1424 755 10
394 787 17
1504 632 19
1474 1548 15
2 981 7
254 437 7
740 999 10
1504 1148 18
1103 318 5
46 1361 9
413 52 6
1587 820 1
465 1541 8
473 1403 15
1155 981 17
616 981 7
934 1233 10
139 403 10
1396 172 10
795 240 12
377 476 2
218 297 8
444 443 1
319 771 7
118 394 6
859 1449 12
815 1207 13
766 677 1
1318 983 5
1107 981 4
1107 1338 6
1431 603 8
888 1363 17
430 409 12
1431 613 2
411 773 4
854 23 5
1470 1369 14
758 614 11
1473 1142 1
1545 290 18
1209 209 18
409 1199 1
379 1131 3
1006 1178 12
218 52 18
1119 1406 1
622 439 11
1037 1188 3
1029 1504 5
821 88 17
1338 854 13
635 743 7
625 209 10
833 641 9
593 1521 19
29 146 8
242 529 13
123 971 13
996 307 1
461 1155 13
347 1012 18
184 651 6
1587 1377 3
890 1389 15
184 603 14
135 244 19
556 983 19
1545 1266 1
1232 100 14
190 1091 16
18 983 2
23 1003 8
116 225 19
751 26 10
185 790 7
194 1318 1
1045 669 1
652 54 19
72 313 7
616 917 4
791 1188 15
391 934 1
408 515 16
665 647 2
172 890 6
1045 1320 6
693 1017 7
1233 1466 9
163 1401 13
616 18 2
579 854 6
968 626 14
222 773 19
504 411 16
1584 404 18
246 54 8
13 670 17
579 154 2
760 1176 8
304 985 4
419 1518 9
972 298 17
890 635 7
289 137 14
1129 1268 18
887 1017 17
370 826 17
1108 536 14
1469 1140 2
598 2 13
666 428 4
1504 1377 19
393 654 10
235 411 1
210 1434 19
323 409 5
1233 780 13
833 1107 3
24 1474 13
635 43 13
543 1414 8
1005 649 17
556 1108 18
642 999 5
880 1070 18
390 1434 8
913 2 18
369 841 3
504 734 9
890 632 6
265 1148 15
210 983 16
663 104 5
680 1420 15
365 944 11
1504 1038 5
500 1047 12
906 1280 7
632 243 17
1261 598 12
1426 1107 18
934 1007 8
210 785 16
1101 66 5
1396 43 12
729 363 1
873 439 3
222 297 1
153 409 4
1030 449 19
734 773 6
1140 1245 5
673 500 2
887 225 4
579 307 12
210 556 14
970 866 2
741 756 9
1277 187 6
616 1318 15
485 1262 11
505 786 5
1148 80 12
889 820 14
461 1416 17
366 322 19
332 409 8
210 1318 13
1511 161 13
917 687 6
246 307 16
1107 226 17
603 1529 12
307 652 17
833 461 13
890 1466 6
1159 1277 1
1233 599 17
178 43 3
1108 641 3
991 510 7
1007 1252 12
1174 456 12
1138 833 7
225 622 7
430 773 9
1384 581 4
1011 1376 10
1504 124 14
731 1307 13
613 319 9
871 115 13
1199 153 5
461 386 13
1189 1591 8
375 200 17
439 934 19
456 854 14
981 390 16
975 789 5
956 1558 8
1252 163 16
1123 603 15
1318 304 6
708 20 12
430 766 1
1469 243 2
209 338 15
1138 1107 1
1108 1181 9
780 906 2
1416 833 8
215 623 5
160 305 17
820 1389 3
26 756 13
878 34 18
1348 1503 5
766 332 12
1312 100 10
436 641 17
892 633 15
746 24 11
489 1453 1
736 825 19
243 1396 14
243 1266 12
392 1138 10
251 936 4
1245 1280 7
1102 222 4
878 1232 14
209 854 16
1320 636 6
154 1155 11
946 748 16
676 619 3
622 196 4
244 677 10
622 1483 19
740 304 6
917 1318 3
225 804 18
523 1527 6
409 728 4
302 878 16
154 1123 18
906 1252 8
319 652 6
411 783 14
633 1007 2
261 670 9
261 889 17
19 1312 17
1362 211 5
801 991 12
457 1551 4
1270 1198 19
623 739 16
456 131 18
1377 890 6
1007 1087 16
534 1030 9
1123 835 16
1416 200 19
354 1038 1
327 868 10
778 85 18
234 1444 15
1370 516 6
1290 1327 3
225 633 16
302 1473 8
1104 1449 15
791 302 16
54 1295 8
832 1095 17
314 1085 11
1107 854 11
1551 1133 7
283 1312 10
1289 886 12
1077 835 11
1100 367 7
1576 153 5
172 820 12
1031 1043 18
265 1398 7
264 1007 13
1422 12 5
437 411 16
1460 1041 14
283 1473 6
354 172 12
950 1357 17
518 983 12
1414 669 15
243 1545 18
900 1007 7
1041 1545 3
1176 29 4
1469 80 1
235 158 2
1460 1349 11
90 979 3
2 194 12
1287 1352 2
1483 651 17
637 1181 1
930 672 2
443 1269 3
804 1570 10
1426 536 18
826 181 2
34 187 13
277 436 6
22 726 5
391 820 16
1460 803 16
215 228 17
993 757 17
1159 1508 17
579 543 14
392 2 10
734 437 5
214 1314 8
315 1084 9
1586 590 1
52 1037 17
319 603 3
603 1295 13
77 1411 3
1123 87 11
794 985 13
1209 456 10
1148 354 18
238 1014 19
392 762 11
436 625 4
1188 270 19
859 209 7
1045 226 7
290 1280 17
72 399 1
187 100 19
773 1277 6
1087 196 2
125 766 16
1297 54 17
1019 917 8
228 246 10
1245 208 11
783 1336 16
1021 1430 18
1058 504 12
510 820 17
125 1446 9
1446 1058 13
478 1367 1
306 1019 16
229 338 18
1226 1325 3
880 1119 16
391 363 9
791 283 15
215 464 17
1252 439 19
15 260 13
1277 270 17
614 132 18
878 791 17
454 1064 12
110 980 1
290 934 2
18 642 6
1533 1318 14
1401 225 14
1003 534 15
265 1587 18
125 861 5
739 215 13
739 1483 17
504 257 9
436 1320 5
1277 746 12
302 746 17
983 194 15
1571 451 16
41 365 19
892 801 13
948 959 19
366 52 15
1192 1543 3
1474 1029 19
200 833 11
4 1524 18
1085 1532 6
1362 1480 14
1241 651 5
1251 669 1
264 391 17
1384 1379 13
773 297 13
787 1473 3
999 250 5
431 111 10
436 200 15
456 307 10
1241 228 14
661 1004 15
235 323 12
154 1535 13
760 116 10
616 194 8
1587 1069 18
991 760 4
163 623 10
1411 1077 8
803 887 2
1155 449 16
1576 409 1
1377 208 19
261 264 11
541 1321 3
1138 1449 17
413 1576 8
76 939 9
52 100 12
1427 493 15
772 52 14
1479 716 19
1396 632 2
290 1401 8
90 1046 10
760 391 4
323 270 14
1003 579 3
1028 621 18
444 736 3
171 760 16
670 1007 6
449 669 16
613 1087 14
1087 651 18
124 1142 10
155 1014 16
1591 871 8
1003 386 17
924 813 18
835 623 14
758 756 17
1338 1295 18
713 313 7
410 1057 3
801 1396 9
665 643 19
1396 820 15
1159 437 3
1545 1280 12
168 429 16
648 1297 7
649 1010 19
1548 635 11
80 1473 16
1297 228 1
923 1445 12
1045 461 8
250 1318 17
746 366 2
873 1007 18
1576 1312 19
52 1473 6
228 1077 15
999 785 6
650 913 14
870 657 16
504 1199 3
1434 641 1
1077 464 1
1226 18 5
899 80 15
1483 652 14
804 1460 2
601 87 8
18 1402 7
1516 1079 14
87 461 15
1469 1396 1
785 1318 11
1401 633 3
1449 1320 2
1233 171 2
1474 1148 19
283 218 9
115 1569 10
380 1540 9
1367 246 10
1259 702 6
1235 527 16
100 437 8
801 172 3
1401 1087 16
166 617 12
892 116 1
760 261 9
1296 1103 19
307 131 12
889 1545 10
1241 1483 5
246 464 11
36 1089 12
1003 464 12
641 911 6
781 353 19
1059 869 12
194 598 4
1058 257 3
728 153 5
52 746 5
1320 913 1
2 1320 6
100 19 7
1459 1556 7
1568 802 9
336 191 8
598 306 13
226 913 7
613 196 17
283 635 18
773 504 18
1251 981 13
394 1473 13
1171 988 5
1108 436 15
906 900 6
1102 1159 14
250 637 16
319 184 4
257 413 9
1203 137 16
100 409 2
157 149 14
1017 225 16
999 1325 18
436 981 11
757 129 14
1182 1485 15
34 394 4
650 375 17
1277 413 10
544 350 12
1021 627 15
1258 1099 17
890 1148 7
406 953 2
1517 279 16
622 1017 6
1176 599 1
1148 1389 6
31 219 6
264 1033 19
981 1320 11
1140 760 12
889 892 11
436 917 15
363 1377 12
1062 206 1
978 1376 3
1504 24 10
307 54 8
991 172 5
534 456 9
641 2 3
889 1280 18
486 1292 1
390 650 9
19 322 14
261 801 6
678 968 5
1280 1266 4
264 906 6
449 1426 17
218 787 3
801 820 2
1474 52 8
520 922 19
205 235 15
1529 1092 14
228 854 2
1037 187 16
746 19 13
1308 1025 9
1460 887 11
764 1125 11
641 194 14
941 1363 16
959 486 11
917 637 12
1504 1469 14
613 1017 14
674 1178 1
458 1437 17
1576 1070 1
225 873 6
895 970 9
991 780 7
835 87 8
116 1041 16
280 716 15
734 1159 9
637 650 5
1529 307 13
37 1104 18
518 999 11
959 1416 15
1385 238 16
534 543 9
880 222 15
1587 1504 1
903 837 12
1266 116 5
1473 1232 5
232 64 9
1155 669 14
279 261 4
1108 335 6
983 642 6
292 100 4
18 536 14
1383 1534 1
461 601 4
656 649 12
773 437 1
1508 235 10
1233 1176 1
1083 543 14
739 1570 18
887 622 19
887 934 2
1187 1292 1
1587 354 8
307 669 7
423 1366 1
1523 453 4
1102 649 14
900 991 8
975 803 11
409 773 2
692 46 11
1508 413 6
498 1180 16
80 1232 4
773 1199 17
820 1280 9
1217 332 8
116 801 12
1030 1209 13
292 1504 18
1377 1469 10
598 200 19
154 307 1
1123 543 19
518 642 5
265 80 10
391 890 3
177 811 2
1394 874 15
146 1176 7
1083 622 7
1159 1199 6
1030 601 1
228 543 9
124 80 7
728 332 9
651 439 4
788 1544 2
1266 729 15
1483 1017 3
833 226 14
633 801 6
892 1389 14
954 26 1
194 913 16
934 171 6
339 595 1
664 1342 5
991 906 15
510 261 6
265 1368 1
200 1104 19
1070 1199 16
194 650 1
154 534 18
1226 785 19
1223 1198 17
33 319 15
1504 787 6
1070 181 17
985 18 17
1483 196 14
272 1009 6
993 13 19
504 728 10
1318 518 9
889 264 17
2 1107 16
1107 636 12
306 1226 15
172 1587 2
302 52 17
390 999 13
734 297 14
18 375 12
1155 246 13
289 663 17
1483 1431 6
1108 226 4
100 1199 9
583 331 2
1529 1123 6
1213 997 18
1511 1393 11
1320 1505 8
1188 322 9
493 1038 6
892 171 11
675 167 10
332 677 10
1036 669 3
859 392 18
1535 307 3
1036 390 9
210 335 17
1228 656 11
236 1215 16
386 1529 16
1209 1092 19
780 1245 1
693 1401 13
739 154 17
462 1571 14
1305 678 7
820 208 10
68 1063 9
1570 1123 12
1199 235 2
1505 1208 14
1104 2 19
1548 772 19
1077 803 14
243 223 3
196 1083 17
1148 1038 4
939 774 9
1076 1282 4
27 1067 13
1145 894 3
319 1003 12
119 818 2
235 766 18
536 981 4
783 1387 5
1254 551 14
246 131 4
92 1317 16
651 1570 3
718 673 9
934 225 6
210 18 7
1483 1083 5
833 392 5
391 1140 15
1181 999 14
1312 187 5
890 223 17
785 250 1
1208 1173 5
740 210 7
1241 464 19
662 1470 1
880 430 8
504 222 8
366 1029 18
1324 1180 5
601 1529 18
534 1414 13
34 235 7
518 785 9
834 1315 7
184 873 11
24 124 12
616 518 11
1460 934 14
1188 1232 7
386 854 11
889 1266 15
171 172 8
1338 1092 4
534 1449 13
1092 277 5
641 650 5
1212 105 16
598 981 10
43 1245 11
24 43 8
770 1078 11
200 616 8
1266 208 10
226 1104 1
472 1256 18
1083 1077 15
651 1460 11
392 1449 11
1232 772 17
993 1583 18
188 132 11
650 785 17
598 556 1
1576 1283 2
1123 652 10
652 1297 2
1070 297 14
706 186 12
290 29 10
1466 171 2
250 1325 18
366 1508 14
172 1038 13
390 616 6
209 833 15
218 187 6
3 1097 2
1295 23 17
635 632 13
1587 1038 17
962 1238 17
791 1312 4
900 1545 14
254 750 5
1003 854 1
24 1548 17
623 1431 6
1083 835 19
598 485 12
540 1436 5
1092 1138 4
1402 1257 2
437 257 16
125 728 7
1473 878 13
556 194 18
636 375 8
52 270 13
734 187 2
801 243 14
859 226 18
306 1318 8
417 466 19
1312 292 11
1007 906 2
740 518 14
634 47 6
912 506 15
23 319 5
1449 536 3
450 1226 4
1167 1309 13
1280 801 6
307 771 6
1349 957 13
772 729 12
1293 762 16
24 1396 18
449 1416 11
163 1041 5
502 589 5
464 1295 14
880 1102 18
1431 873 13
1538 1573 6
306 518 1
2 556 6
652 1083 17
290 892 10
1013 421 6
1469 1038 11
265 1473 15
705 867 7
332 1159 6
375 1320 3
1017 1466 15
1570 1083 16
1301 987 18
335 556 14
225 29 11
1188 493 6
283 366 12
52 80 14
652 225 15
603 579 15
1241 603 17
771 1030 6
1318 999 1
250 18 10
1548 302 15
436 390 15
1266 892 15
1508 1037 18
302 1029 11
23 1529 6
1436 1395 17
131 1209 13
386 1338 15
804 651 5
1070 153 16
158 766 19
794 1067 13
804 887 16
1466 264 3
154 246 4
261 1266 9
1007 1176 15
1155 641 9
319 246 9
1401 1252 18
1178 1383 18
991 391 11
307 854 12
1295 307 6
1279 594 2
833 1092 7
1427 1473 17
54 1529 12
889 801 3
1297 29 11
1280 1140 2
1477 100 1
1036 200 3
283 394 16
125 411 9
1070 1446 4
510 1504 18
1140 1457 11
172 1427 1
1320 1138 14
283 302 8
208 1587 9
1030 543 8
633 1423 7
456 1338 6
1325 485 7
543 54 15
23 131 9
125 244 7
633 1545 12
417 548 18
1320 637 6
97 488 11
625 449 2
1431 439 4
909 1175 7
306 637 9
669 1338 4
1554 223 2
1199 582 2
54 23 19
1535 1529 14
1350 438 2
740 983 3
826 394 9
43 363 16
173 242 10
376 1126 15
223 124 15
1102 766 5
2 616 16
677 1210 7
1095 842 16
1462 1443 1
1533 1437 4
613 1083 10
335 687 9
741 32 7
801 1041 19
597 1343 11
100 235 10
571 216 7
194 785 12
652 803 11
1221 1024 18
739 1241 2
308 442 11
1000 475 3
1569 1525 18
1236 1551 3
1162 369 17
1077 934 15
1320 669 17
31 1185 13
1508 52 18
146 1466 18
1188 80 5
331 1076 7
613 659 8
714 724 7
525 3 2
179 136 3
302 916 3
1245 1469 5
981 226 13
514 248 5
1577 1454 7
279 1554 13
363 892 3
776 1296 19
69 1315 15
866 1444 15
184 225 17
1435 13 12
18 335 15
729 391 19
1418 1033 2
1469 1148 10
599 1041 16
467 99 5
1036 1426 12
306 642 8
494 944 8
1544 1035 4
218 270 17
601 1251 4
787 19 9
612 885 15
479 352 8
263 1536 13
1054 883 9
1280 890 3
172 760 9
123 221 15
209 1449 4
584 876 3
215 1455 19
223 363 1
1221 891 9
19 153 19
453 589 19
633 780 3
209 200 17
1530 987 2
270 1508 6
552 907 2
261 934 6
265 292 13
573 1225 9
787 1312 10
1209 641 3
650 518 8
864 488 9
439 613 19
80 24 11
87 1295 19
1159 235 6
1475 597 13
386 835 2
669 154 6
981 636 15
650 335 16
477 121 10
677 734 14
787 772 3
997 1404 7
258 1303 17
880 181 6
116 279 1
820 1580 1
1061 113 14
29 1017 1
892 760 5
171 261 6
913 1426 13
543 464 6
1504 1245 14
430 1446 17
210 687 15
1226 518 18
893 1197 14
601 534 18
302 100 10
97 1489 8
271 1247 11
1176 264 6
319 307 9
200 1108 17
1401 146 15
651 835 2
934 670 4
233 1459 10
934 1466 9
1300 904 5
1087 439 18
835 1295 18
1087 1077 10
543 1431 3
1280 1233 2
1318 642 18
218 34 19
1043 541 4
999 983 13
1508 734 3
439 225 8
1455 622 15
196 163 11
80 772 1
1262 740 5
1116 1139 19
1508 181 5
880 728 3
799 1399 17
1535 1003 5
652 1431 14
323 1159 2
878 100 12
810 560 4
917 392 17
651 622 15
1374 1568 6
19 493 7
307 1003 3
1041 439 3
126 290 18
693 873 7
1554 1389 16
304 335 11
1266 264 6
900 780 18
1449 375 14
1426 911 14
556 616 17
298 641 5
801 1554 7
1012 1117 7
673 650 11
172 363 11
859 1036 1
801 900 3
1123 1083 7
1460 439 17
1262 304 14
1041 934 13
116 1233 10
791 100 8
900 261 2
1277 323 8
678 310 18
889 510 2
477 252 13
1003 1455 1
456 579 1
1562 1154 8
609 1029 10
244 430 15
1533 539 15
248 578 14
464 1123 8
1554 1469 19
1077 603 19
208 223 4
1543 346 1
225 670 17
534 277 16
315 1039 15
568 388 10
1282 193 19
545 79 16
286 776 16
1455 1431 14
277 1036 9
416 1452 2
306 357 11
292 1473 17
1108 917 14
223 889 14
71 1250 19
1312 366 2
1038 632 16
1148 632 11
43 729 19
297 493 17
1473 1312 8
1535 131 6
209 386 5
243 760 16
184 1297 7
234 28 15
76 1448 1
109 847 1
279 264 3
228 835 2
324 624 10
65 830 2
734 322 13
290 1041 15
1457 689 1
892 890 4
1554 991 6
975 730 5
1181 194 7
826 322 5
803 693 14
390 200 15
1019 210 11
188 766 12
1092 601 7
510 1587 19
230 416 17
900 693 8
729 354 16
1148 1140 14
785 794 17
2 859 13
788 868 7
1041 900 13
1529 1030 4
505 586 6
1155 392 8
250 642 14
304 250 3
285 278 7
590 754 1
1529 154 9
917 556 5
146 261 17
906 171 14
1153 1194 2
436 601 15
1504 208 5
257 430 15
929 1531 13
163 934 16
277 456 9
504 125 19
323 297 17
366 600 3
1473 746 16
394 1188 13
187 158 15
482 419 1
235 153 15
999 1019 4
155 501 18
1108 833 19
322 187 1
1209 1036 6
833 669 12
1241 579 15
835 464 14
210 304 10
652 1017 10
1155 1045 6
596 474 15
698 61 9
917 335 7
124 52 4
461 1251 19
1529 534 13
772 1389 2
292 746 8
981 859 12
257 297 14
1123 228 1
29 803 6
174 1481 4
1209 1449 10
854 601 1
116 599 7
772 100 15
1599 227 15
1086 416 1
1318 985 15
456 1416 11
1320 598 12
804 622 17
153 257 6
394 235 4
210 518 17
1520 1442 1
1377 1245 18
1570 1077 15
1189 237 17
1142 1504 14
1477 1486 14
1048 1391 18
780 890 19
235 222 16
1199 270 10
231 236 3
940 238 17
635 363 3
768 1537 6
1153 495 5
785 18 15
859 536 7
243 890 6
18 913 19
1189 796 14
1416 636 9
257 1277 12
917 306 9
1347 341 11
424 1022 16
877 63 1
1087 835 9
622 1297 2
399 165 6
392 536 13
1549 112 8
900 208 10
413 493 8
456 1138 2
235 878 15
1148 1245 2
599 991 6
1060 1573 16
1266 171 11
670 116 4
148 1300 2
633 760 2
622 613 18
1046 85 15
1483 543 7
1277 283 3
200 2 6
392 598 12
185 1511 17
1019 650 2
368 1231 13
1303 1291 6
1431 184 12
826 1199 4
184 215 10
1038 1427 4
1098 130 7
116 900 9
1045 1107 5
1548 265 17
247 611 1
1045 536 2
1587 1148 15
246 1338 18
609 1109 18
97 738 8
1309 1206 18
652 228 10
1401 1017 7
857 844 7
243 820 7
43 80 8
1257 1371 5
1108 911 7
1070 437 9
210 1036 16
632 510 8
741 1439 11
1155 456 19
1003 739 15
323 1070 3
567 558 4
423 408 4
636 1251 8
146 196 16
83 1125 15
1398 1396 15
124 746 13
760 889 19
1048 335 13
536 911 9
304 794 3
1422 1502 18
324 834 13
1104 1138 6
163 1077 17
123 1132 6
124 413 1
1232 1142 15
1576 19 11
650 556 2
801 391 9
413 270 15
277 209 8
1104 1108 2
601 386 13
45 604 3
633 171 7
210 485 15
1350 64 2
625 1138 18
650 616 8
1083 603 1
1161 620 16
1338 1414 19
143 1163 5
1251 209 15
1149 559 11
283 24 13
430 153 3
409 297 5
1361 1034 17
1426 598 3
1464 852 7
637 1325 14
991 279 9
1077 1455 4
24 1038 11
1449 1251 5
1474 283 16
898 562 14
455 1483 2
1504 302 6
1277 1446 19
1587 43 15
116 1545 3
859 200 2
853 763 3
636 1155 17
1262 637 5
1351 1061 13
1434 1138 17
784 70 4
323 153 1
1426 436 19
906 1401 1
543 1241 11
228 623 3
1318 1019 2
1576 734 3
1098 629 10
1581 373 14
640 1106 1
1209 154 18
1312 878 3
163 873 18
208 363 6
239 549 1
884 148 15
991 243 15
1446 773 6
279 873 10
739 54 16
1466 693 15
1232 791 3
965 1202 18
366 791 11
921 1502 6
572 255 15
1241 652 16
504 1446 17
911 306 4
60 513 15
200 306 4
1414 1241 8
1508 1199 16
1318 687 1
294 1186 18
1019 1320 5
215 1414 6
1066 1283 3
41 182 17
637 598 18
1294 876 15
181 394 5
835 319 8
237 712 5
791 270 10
366 181 19
641 981 7
1297 623 4
407 949 14
209 246 19
917 375 9
24 1377 1
1482 1235 17
983 688 2
335 1019 9
887 439 6
787 1037 13
819 1283 5
625 1320 2
547 793 5
1262 250 13
772 1148 15
217 1012 18
1142 1377 7
1389 991 10
153 100 14
1389 1545 10
1251 277 6
984 1152 11
23 87 3
354 760 7
1248 1598 14
34 826 9
346 240 8
1277 322 1
208 43 17
261 906 15
1325 390 19
1469 24 7
451 204 5
1320 1181 11
1320 1107 12
375 1108 2
1449 1416 5
225 290 5
804 1233 14
813 897 3
548 242 18
277 1535 11
827 1299 7
892 1418 5
667 537 6
1266 820 12
222 1005 16
244 1102 8
461 1107 1
172 729 11
1496 1123 19
889 890 14
531 610 1
1108 210 9
1188 1473 16
375 981 7
18 306 9
134 106 10
1148 820 17
988 1371 1
519 1049 1
953 852 3
363 1142 12
1427 302 16
575 610 10
153 1277 17
543 613 12
305 933 11
224 13 6
1184 207 6
375 833 3
711 1167 16
1590 1503 14
1576 187 7
144 1314 17
1415 473 5
579 179 10
1431 651 19
973 615 14
1029 772 18
409 235 13
1203 1149 6
913 556 7
131 1251 15
1007 1233 4
196 651 9
19 257 13
394 187 1
184 1017 11
938 109 4
306 556 19
1455 54 13
309 1560 14
983 687 15
868 14 19
1431 739 1
639 393 10
828 232 17
1045 200 8
934 801 17
208 124 16
413 322 8
1359 1468 1
983 1181 17
1045 641 1
746 283 8
1345 602 4
306 1426 17
579 1030 2
29 184 7
534 449 8
481 1217 3
483 259 18
928 525 16
194 1434 14
307 1092 15
163 622 4
625 131 3
1415 1284 8
637 335 7
561 344 1
1389 1568 11
1211 1301 2
158 492 1
1188 1029 3
920 1103 3
771 1556 2
1554 171 4
430 504 4
892 279 15
215 1295 13
1401 1466 14
201 1023 2
651 215 14
789 469 12
427 367 9
687 304 7
34 1576 2
1102 188 8
687 518 10
125 437 19
1029 124 9
283 787 18
1003 1092 6
911 625 12
363 760 13
264 1041 2
297 1199 2
1155 625 8
1375 1112 17
264 900 6
1312 325 18
439 623 11
1318 1181 6
787 1548 3
322 158 1
1241 215 9
237 1442 8
436 616 19
1030 131 7
791 187 16
1058 244 12
264 991 9
496 1026 16
57 186 7
729 1474 12
307 1083 5
1197 183 16
833 1251 8
1299 1593 11
286 798 8
279 760 11
1036 131 1
359 1279 8
153 188 10
52 1504 5
350 1414 10
354 1548 13
1092 1414 7
250 740 3
131 1414 7
234 721 10
892 391 9
950 1406 18
833 449 17
213 1519 1
87 154 2
1083 1087 17
222 332 10
760 729 18
835 1431 8
216 70 7
1318 18 3
1156 407 19
380 410 5
543 835 8
287 671 9
1058 188 2
23 771 12
1554 243 14
1108 625 15
282 849 17
1320 335 18
307 464 18
578 618 1
650 250 13
270 322 7
803 225 7
265 791 8
1445 904 9
749 1522 10
34 158 16
1398 1232 11
1295 319 1
1469 1427 17
1041 804 6
833 616 6
554 218 1
1194 1101 7
223 772 5
1075 189 4
605 699 1
1460 225 13
246 1123 18
1252 290 8
1367 1316 7
187 297 17
555 1302 2
488 1142 5
534 228 13
29 1041 15
392 1104 3
1181 375 6
322 409 8
1120 1346 14
146 1460 1
1093 1293 4
218 100 7
1550 831 17
780 1389 11
861 1531 11
1526 982 6
1545 29 12
1030 154 2
1090 330 3
958 523 15
906 633 15
1142 635 5
1587 635 19
788 839 5
292 1148 10
411 880 16
283 270 17
1320 536 7
1325 1019 5
1500 975 19
787 366 6
366 826 16
536 375 11
1533 99 8
601 1414 16
52 493 17
1460 1007 7
1083 771 15
652 184 5
1356 709 7
54 613 8
599 279 4
859 436 14
257 158 14
740 1019 3
1232 292 10
642 650 3
538 1040 14
459 1417 2
188 1446 11
641 598 14
890 510 5
446 1152 10
1232 394 6
277 625 3
243 1377 5
873 1176 4
791 34 10
1266 900 15
733 1373 12
116 1467 19
1209 859 17
677 1102 6
1354 646 3
72 503 13
772 124 3
235 270 15
625 1092 5
235 181 1
1209 669 7
1225 428 12
826 1232 19
1398 1427 19
1062 1 15
1332 929 13
1554 889 15
208 764 15
306 983 17
1107 200 2
196 670 3
1545 225 17
335 1325 13
1147 1451 14
1510 1165 1
1017 146 9
1554 1245 4
200 981 15
1003 456 19
442 201 19
129 75 13
222 1159 12
887 1252 11
29 196 5
722 338 13
803 873 18
746 1232 9
650 983 2
304 1226 7
243 780 16
1441 102 16
391 261 18
306 999 19
412 74 18
687 72 11
1377 729 10
24 1205 10
1003 154 17
1412 1492 11
413 100 14
1181 306 14
641 913 6
641 616 19
1560 528 17
200 1155 15
1172 1278 9
605 202 2
623 1455 2
1083 215 12
601 464 14
1038 729 3
1250 37 19
1092 1535 12
550 15 1
306 210 19
87 1414 15
1045 1036 19
856 1027 8
1003 1414 15
435 219 11
394 1277 9
1419 937 13
759 529 11
1336 1236 15
772 1038 15
1084 1273 13
633 693 8
771 603 3
394 100 1
1419 617 1
1067 1553 3
1179 217 14
306 304 18
730 672 1
1434 981 18
772 366 2
836 299 13
24 366 16
1142 729 6
604 400 5
270 746 6
297 158 14
1545 261 3
257 1102 17
1535 54 8
125 773 17
1159 826 11
250 687 15
157 334 11
1030 461 8
1087 603 18
906 1466 12
1041 693 17
1148 223 1
1003 131 4
1029 787 16
914 1253 11
1312 413 6
1584 1222 7
41 1051 7
1252 613 4
102 310 4
1466 780 6
764 561 3
1474 1587 3
1199 181 2
911 1356 8
636 859 14
1159 158 1
826 257 4
829 1002 4
1081 934 8
1051 1095 19
913 375 17
632 760 18
391 1396 19
878 1199 9
601 579 14
24 302 17
785 687 14
1295 771 7
456 625 10
1132 780 6
222 437 5
302 1142 4
187 1159 3
436 636 9
43 632 4
534 246 19
536 2 8
1277 1199 16
124 302 8
1325 1262 2
734 181 17
235 1102 18
264 1245 7
1596 140 2
711 1178 6
1123 1241 9
188 677 5
323 1180 3
1545 279 12
1295 1003 5
1377 1148 1
413 746 4
835 196 13
1504 80 19
723 311 7
1596 1181 14
623 464 6
1048 414 1
136 1062 5
226 1181 11
878 787 19
1241 23 9
1449 277 7
760 1389 9
1141 653 10
244 1446 15
1325 482 6
464 514 18
100 158 11
354 243 6
43 243 7
780 1545 11
759 765 10
494 630 6
400 588 12
889 991 2
394 43 12
1159 411 2
973 1232 3
18 999 14
270 292 7
1083 1363 5
102 509 1
1232 493 6
825 1080 3
11 142 17
669 1104 19
878 1037 15
746 1508 12
493 124 16
145 559 1
1398 1148 5
1514 616 6
452 446 8
1007 1401 1
2 650 16
787 1232 10
510 729 12
1389 264 9
1070 1102 10
963 1239 12
146 1041 13
1451 541 14
323 158 8
771 739 3
354 1469 8
1260 1098 7
163 651 16
194 740 19
402 38 15
1469 1474 16
728 411 5
1029 100 3
854 1092 4
660 725 6
283 100 10
152 243 16
1134 1099 17
687 485 7
1123 804 14
1251 1138 11
669 1303 10
734 222 17
354 223 19
1077 54 3
931 1114 9
222 411 18
1181 518 4
264 510 6
332 125 19
186 1504 15
900 599 2
693 1431 3
409 437 12
1102 504 5
860 1116 14
257 34 18
119 1213 19
538 734 17
1427 1396 4
1181 556 7
249 1498 12
1245 729 12
290 279 15
267 254 3
906 801 1
262 828 18
460 1345 1
1483 228 6
1266 760 18
1226 687 19
966 1314 7
762 143 4
110 708 3
601 1209 15
471 965 4
506 236 5
625 1426 5
1241 1295 11
913 281 6
900 760 11
166 816 19
261 243 2
257 1070 14
2 911 13
335 518 13
196 1431 3
1570 464 17
479 1523 6
584 1157 15
1233 1252 19
1120 1494 18
1087 494 7
1277 791 13
637 518 2
1576 297 7
302 218 14
1289 903 18
223 1266 1
1087 623 10
436 1416 12
265 729 12
1504 772 16
1087 146 18
290 261 18
151 1361 7
1119 1156 19
981 1416 4
390 392 16
1293 1426 6
1295 1570 16
911 436 17
580 1346 1
734 270 18
18 390 6
761 149 2
636 624 10
780 801 11
225 1041 10
208 991 5
1312 302 16
75 644 4
895 857 9
1460 1252 13
383 140 6
960 65 10
887 873 3
226 781 4
510 172 8
1460 290 3
131 636 13
1377 635 19
627 1263 2
889 1176 9
194 518 8
456 1036 9
1504 820 7
1138 911 9
674 277 15
1251 386 5
1460 184 16
244 773 17
261 1176 14
587 929 7
1474 1140 8
739 1455 7
536 616 2
1041 1233 1
250 917 18
780 116 16
1199 222 19
986 39 6
536 277 12
835 804 9
1507 220 12
1136 468 15
131 522 12
17 666 5
366 158 10
892 510 5
290 1087 12
1238 1003 19
1426 1045 11
430 1058 10
294 631 19
312 1342 18
1083 739 11
261 1007 18
322 1473 4
323 125 18
354 1462 9
804 29 12
1460 29 15
791 1029 18
52 265 9
257 498 3
1017 873 8
1398 1029 14
131 154 7
158 1576 5
606 590 2
610 1129 13
124 1474 10
504 880 16
43 1188 6
1507 1366 14
1075 1580 6
702 1372 11
487 1472 16
1104 981 2
261 1466 11
1266 290 7
651 887 9
746 791 13
1045 636 19
1087 633 9
1565 1224 17
622 623 12
439 1401 3
625 1104 6
1467 16 14
1188 24 10
226 390 11
834 1045 12
1396 265 9
434 1358 17
120 765 3
449 1251 14
892 1545 8
880 323 6
1176 900 13
1030 209 5
171 670 8
1019 1461 19
292 1548 18
1310 138 12
728 1058 16
1540 1355 1
1232 187 11
1092 386 13
1051 887 5
528 50 18
210 1226 12
226 917 2
1455 835 15
530 22 3
534 579 19
678 566 5
703 384 5
1320 616 17
1159 791 18
1140 354 16
180 330 9
109 1216 18
158 19 9
323 322 17
1576 322 16
386 307 11
911 375 8
1420 699 17
1249 810 8
794 210 4
209 534 15
1573 767 6
1188 1254 1
1123 579 6
826 187 14
208 243 9
411 1277 9
794 1325 13
153 734 16
277 1209 16
658 309 10
599 620 7
787 1140 10
582 59 6
122 400 1
1178 1566 15
1241 623 5
1426 390 15
1280 1007 2
38 1151 3
677 430 6
785 740 9
551 840 15
534 215 16
1108 485 8
694 551 15
801 264 9
208 1280 13
613 803 8
616 1108 2
187 235 4
390 636 5
1477 507 2
677 728 7
598 616 18
1082 768 4
325 533 18
19 187 19
24 1427 6
746 394 10
808 1341 5
603 54 19
1280 670 1
1527 183 8
1284 59 1
1350 1405 12
146 290 12
709 775 16
772 24 9
794 1318 11
1548 1148 14
292 878 2
194 250 7
854 669 18
659 101 14
283 1188 17
1016 499 13
1007 1041 1
283 292 6
906 146 1
1041 1087 10
187 366 15
1398 1504 2
734 430 10
806 349 1
1474 632 15
413 283 14
1368 947 19
534 1295 12
223 1548 14
760 1245 16
1159 881 2
504 153 9
1276 363 1
739 1295 9
794 306 19
1252 1017 13
534 833 10
1021 304 12
363 889 13
354 1473 7
677 125 15
208 1554 13
771 1241 17
195 1326 17
37 1146 10
1434 250 9
1142 1587 1
187 1508 13
163 1483 6
392 436 15
729 1148 5
536 436 12
911 1434 4
1562 94 1
518 794 7
622 1460 12
323 504 8
218 158 13
601 154 17
1535 1416 3
1092 1416 2
172 632 2
1232 1029 16
1195 696 9
392 1426 11
1241 1570 3
1037 19 17
354 1398 11
1075 70 5
1469 43 4
154 1251 7
623 146 13
635 1427 2
1460 1483 6
87 669 14
1508 394 7
1485 600 8
1029 1148 12
413 187 2
1469 635 10
619 101 6
19 218 16
146 1233 14
1389 1140 17
1257 1129 13
1007 29 9
306 226 7
322 1508 2
200 1449 4
40 1393 3
456 981 15
464 319 4
1570 1483 10
257 1199 15
299 1517 17
1427 292 1
150 268 2
1548 820 5
1362 995 15
95 1231 15
11 1394 4
351 1543 7
1544 766 4
802 890 12
1426 1320 18
1446 766 7
1377 772 11
29 873 11
1504 1474 15
962 23 9
353 1173 10
607 96 1
534 386 18
917 1412 2
116 889 19
1019 616 14
536 637 3
726 1150 12
283 124 15
1297 1455 1
218 1037 13
464 54 15
354 24 9
66 1537 3
1424 1445 10
228 613 4
1396 1148 5
1348 98 14
279 633 12
436 598 18
1565 1255 19
1253 1210 3
261 1280 18
392 641 6
12 333 10
651 1017 5
1295 154 16
873 1087 14
1176 1041 16
1238 360 16
244 409 11
576 170 3
1108 272 8
835 739 12
461 456 12
826 270 6
613 1570 15
729 47 14
1446 332 13
835 1483 19
112 1382 6
804 439 4
1570 215 4
244 728 5
900 391 1
464 603 19
650 1181 9
1138 636 10
579 1295 18
760 780 15
873 1460 10
1105 287 10
208 172 2
998 597 10
1269 160 6
1280 780 14
302 265 7
223 172 16
100 323 4
419 999 14
307 1414 17
1209 1045 19
387 828 17
1337 1515 7
5 796 5
116 1252 2
91 1350 14
277 636 1
63 146 6
791 772 3
208 729 4
54 1241 11
223 391 8
536 449 4
363 632 19
148 361 15
787 302 17
1338 1449 14
1216 492 16
1181 740 13
394 1199 14
511 1509 1
87 579 14
159 713 7
833 1045 4
1277 100 18
1473 1504 10
493 292 8
1396 1474 9
504 332 2
1396 354 10
19 878 4
163 1233 6
270 1312 8
633 163 2
616 226 2
637 740 2
200 1138 14
1521 1250 10
158 773 3
530 352 17
131 1138 9
734 257 7
1252 1041 19
1318 1226 12
554 654 10
52 322 2
131 601 7
1140 1377 9
222 766 6
162 1229 3
1535 1414 17
283 1398 17
1070 235 19
1280 900 16
1077 196 14
2 375 4
835 603 4
1478 1124 12
794 1019 2
91 19 16
184 623 11
504 297 4
961 863 9
52 1427 11
1398 772 4
543 369 16
439 930 4
485 983 6
1325 210 11
501 15 7
171 264 14
1007 1466 4
603 1003 7
1580 152 1
168 517 8
845 1327 14
124 394 13
556 1426 10
981 449 2
456 1449 13
739 23 1
409 125 8
1241 622 12
68 1050 7
1033 1244 8
126 1281 5
734 1199 4
1548 1377 17
452 1340 19
29 163 19
688 531 18
533 328 16
23 543 9
917 650 9
430 188 3
589 350 18
319 228 13
991 261 7
1427 124 15
1102 409 11
1577 308 17
1152 1466 16
1455 613 2
820 729 6
449 209 1
312 1454 8
1188 1142 16
1585 81 13
329 1073 9
981 650 18
1539 1595 19
1343 761 15
283 265 8
188 411 11
43 283 7
1140 1548 17
913 306 13
6 849 2
272 567 13
999 556 16
512 402 12
382 520 2
146 116 1
804 184 17
391 599 14
28 271 13
392 981 10
1188 1576 18
766 504 3
455 592 15
803 1233 13
257 188 4
2 1426 19
491 1130 5
1148 172 5
552 871 3
319 1414 10
200 1426 13
641 1426 15
1535 1251 16
6 1148 15
283 187 6
1455 651 15
386 54 6
613 1483 9
1176 1087 4
456 1414 2
1241 1083 1
652 1455 19
1345 251 18
687 1019 7
1503 1089 12
163 146 16
785 1262 18
873 1401 9
209 1104 19
734 323 6
52 787 5
171 1545 2
52 1398 7
461 1092 12
1159 430 17
822 269 6
796 1137 17
906 892 17
1280 116 15
913 999 6
172 635 4
1509 519 9
996 179 12
1532 25 15
1330 369 8
29 1087 18
172 43 16
1461 99 18
64 507 14
104 719 5
1010 862 1
677 773 9
302 1188 3
1038 363 13
1226 642 7
746 878 6
890 820 8
804 1483 12
323 19 7
1310 451 9
638 184 13
163 439 12
1414 1295 15
638 1304 7
1102 1508 6
1155 1535 12
1037 270 10
760 635 13
1102 34 13
890 261 2
934 693 2
991 670 18
1155 386 8
880 677 5
203 296 1
613 739 18
375 277 11
637 1318 3
500 805 11
413 955 16
1274 1432 15
1071 1212 2
760 223 9
976 1174 18
1434 306 4
677 1058 2
878 978 8
181 222 3
820 43 11
235 322 2
1409 865 5
437 188 15
436 375 11
226 200 6
86 77 19
270 257 18
1104 1045 17
854 277 5
43 354 4
392 1045 9
326 193 15
1280 363 7
1570 771 1
934 651 10
835 622 18
1431 163 14
23 228 14
1388 105 8
1038 1140 7
335 598 10
18 1019 19
131 277 10
766 257 12
18 1181 15
1017 1041 8
1386 804 10
771 543 1
1123 1455 11
625 461 6
598 1108 8
1449 36 9
436 381 10
1397 688 8
23 1030 4
797 604 16
623 54 7
622 1570 17
771 1535 12
215 572 15
632 1389 1
826 1277 1
999 687 6
411 766 2
287 653 4
534 1123 9
192 475 7
1474 1377 12
707 1001 9
1401 184 10
642 1325 4
510 1474 17
1319 593 18
218 394 14
436 194 9
205 749 5
335 375 17
1554 172 6
1389 208 14
556 1318 13
18 687 9
390 556 10
504 1070 5
510 402 10
1142 1398 11
1227 1277 4
1554 900 19
1473 43 11
534 319 2
652 146 19
935 138 16
574 879 10
1434 917 8
1277 297 13
1181 250 5
636 449 1
939 434 14
1092 23 10
1535 854 3
1504 1427 2
250 616 16
669 1092 11
1401 29 15
1107 625 17
45 1388 9
1322 708 17
23 1535 6
1159 257 19
999 1226 17
1434 1108 3
504 1508 18
1398 878 19
323 1576 4
1277 1508 4
804 1087 18
552 973 10
854 1036 8
1107 151 9
1252 225 18
390 536 1
474 800 9
523 385 17
392 636 4
771 54 6
279 670 12
734 766 4
6 1113 12
1377 1038 17
439 196 4
472 865 4
1277 34 18
991 1266 7
1036 1535 5
80 283 2
687 985 17
209 636 9
250 390 4
19 826 13
854 1155 2
1344 84 14
18 650 12
1188 34 18
823 996 7
696 90 19
526 1076 9
740 650 10
172 1280 19
80 1037 9
306 536 6
641 1320 17
1508 100 13
215 771 7
1253 927 12
1232 158 15
1061 690 3
1504 493 13
222 826 12
293 717 4
524 1409 4
1181 913 5
1524 1168 7
246 386 11
1498 1085 2
1589 1568 6
773 181 2
817 172 15
163 1289 9
1312 265 11
771 534 9
1414 464 12
1019 642 16
335 194 8
1030 319 1
1337 198 10
292 302 6
306 740 17
80 292 11
8 10 2
981 1426 9
826 323 1
894 153 11
223 820 2
223 1140 5
1427 1474 9
748 1375 18
1138 277 18
803 1041 13
146 803 2
335 794 12
601 1155 13
1588 1370 9
1325 917 11
524 1135 13
87 386 6
1377 991 10
766 409 8
307 543 1
1594 996 16
942 194 5
1431 1252 2
565 1337 4
787 187 18
24 787 14
1077 1241 6
1045 625 3
1245 892 5
390 1320 4
146 1007 18
257 878 6
740 18 17
277 1030 6
1508 158 14
835 1017 5
1483 887 5
491 1081 3
172 1474 11
527 657 3
229 1566 19
23 1123 16
24 1142 4
1401 803 1
409 222 3
411 332 10
849 743 4
543 1455 9
34 413 12
1069 1410 1
43 1504 17
685 908 4
1113 1141 14
740 1325 18
307 1030 15
485 56 12
439 1297 11
270 394 8
1295 1030 17
409 411 14
87 771 6
1379 114 12
1045 436 19
385 1218 7
1077 651 13
430 1203 4
1092 209 8
354 363 17
246 1535 4
878 826 7
257 322 4
