60 199 37 15
11 31 6
47 30 12
53 37 13
9 29 2
38 52 5
54 1 15
47 23 10
59 52 7
8 1 6
53 4 1
31 2 12
15 54 8
3 52 10
47 22 3
54 53 9
37 4 8
55 9 5
37 35 10
45 37 13
18 34 6
21 28 6
60 21 7
28 27 4
41 51 1
42 60 5
23 22 8
24 57 3
3 2 15
35 26 13
56 18 16
25 51 6
21 31 16
56 11 14
32 55 15
1 7 11
36 15 7
27 3 5
2 38 10
12 8 3
60 28 12
2 36 12
60 31 4
9 13 10
12 20 7
9 53 2
30 22 7
52 2 9
30 16 13
31 19 8
26 54 13
37 17 2
18 43 13
57 48 16
5 56 8
14 32 13
1 21 13
59 2 16
35 53 15
45 49 15
42 28 4
31 36 14
35 22 1
59 28 1
31 42 12
18 13 4
36 19 11
29 30 2
28 19 6
3 15 16
3 36 5
43 29 8
4 55 4
5 11 10
38 3 10
2 27 12
56 15 12
10 14 14
19 46 2
24 37 9
28 3 6
13 16 12
36 28 14
33 54 3
32 17 3
43 13 3
55 44 16
38 36 10
28 38 3
19 3 3
52 42 12
7 20 15
50 35 11
51 22 5
27 59 9
1 20 4
9 43 9
56 26 7
14 45 7
16 29 3
31 38 2
7 21 6
27 42 3
21 42 16
14 48 8
2 19 16
19 59 1
5 45 3
40 5 1
11 15 16
15 19 11
22 25 12
52 28 10
7 12 1
31 52 1
3 31 6
24 48 9
2 28 16
12 54 2
33 15 14
49 37 16
30 23 16
42 11 1
19 52 16
45 17 13
26 20 13
41 47 9
36 52 16
7 8 5
59 38 14
23 51 9
15 2 3
17 18 4
18 29 14
40 20 14
29 13 11
1 12 10
28 11 10
59 3 7
41 6 2
56 53 12
26 5 9
38 15 7
9 44 8
36 42 16
34 33 13
6 39 10
36 27 14
5 35 8
21 8 13
3 46 13
19 42 14
42 2 7
28 31 5
20 58 8
35 51 16
33 6 7
53 18 15
38 42 16
15 26 8
50 41 16
35 47 10
40 6 15
27 31 13
12 21 10
52 27 8
54 7 3
11 34 9
59 42 13
21 56 8
52 15 1
40 58 9
53 33 16
31 59 16
47 25 14
19 27 5
50 33 14
59 15 11
34 35 5
34 37 9
30 43 6
19 38 1
26 45 15
30 13 9
41 25 11
17 34 3
38 27 8
48 49 12
59 36 15
30 51 4
22 41 12
51 47 6
5 33 2
42 3 1
39 41 6
56 54 7
4 17 2
43 16 2
30 34 2
10 48 15
