30 230 30 26
6 13 8
25 13 5
7 18 6
10 30 10
5 4 2
21 5 2
16 1 1
4 21 7
1 9 7
16 29 11
12 5 5
16 18 11
16 12 11
21 12 5
26 15 1
1 24 7
11 7 11
19 7 9
9 16 10
3 15 5
30 7 11
2 1 7
18 8 3
19 14 9
9 13 1
17 16 7
26 11 10
25 27 7
27 29 3
26 5 11
12 3 10
12 25 3
4 28 12
4 12 6
25 7 11
22 5 9
23 4 11
25 4 3
9 11 3
24 27 5
8 7 1
12 28 9
13 2 12
11 1 11
23 15 11
2 18 12
3 6 6
30 24 3
26 13 9
5 11 7
21 2 9
20 24 2
10 22 12
10 11 7
26 20 5
7 9 6
15 13 12
23 5 2
28 25 12
4 2 10
15 6 6
9 25 5
11 27 8
11 24 7
17 10 12
17 28 4
12 20 5
24 22 11
14 24 3
21 1 9
26 28 2
26 16 9
8 17 7
17 22 8
9 28 5
20 3 3
13 16 2
24 19 12
15 25 6
16 7 2
6 2 3
3 21 1
26 9 7
27 9 9
15 4 1
9 30 4
16 22 10
27 1 2
11 8 8
11 30 9
7 1 5
17 11 3
24 17 2
28 23 8
18 22 12
19 25 6
29 18 8
2 20 2
8 10 2
24 9 4
12 27 4
18 20 4
13 5 8
30 12 5
3 4 1
3 2 9
29 10 8
23 12 2
18 19 10
19 30 6
25 5 7
6 21 1
25 11 5
16 11 12
23 26 7
23 21 12
7 20 1
20 4 6
12 7 9
24 18 10
3 13 12
4 26 2
25 2 3
12 9 7
20 25 10
14 12 12
10 27 6
5 6 8
21 25 12
7 2 6
19 8 9
20 9 4
28 2 1
30 25 12
19 22 8
27 22 8
27 16 7
23 22 6
17 14 10
28 7 3
20 21 2
17 30 5
30 18 6
15 9 10
29 22 7
17 18 9
12 11 9
6 1 9
1 28 2
16 20 1
17 1 2
11 14 12
10 23 9
23 1 12
3 5 8
1 25 7
16 30 2
25 3 5
7 24 11
4 13 9
20 13 4
21 15 8
9 10 6
2 26 3
19 5 6
19 17 6
11 22 6
30 20 10
14 10 9
23 2 12
8 30 9
30 14 1
15 2 10
20 1 4
27 14 4
6 26 7
26 25 6
10 20 11
22 9 1
8 16 10
4 9 11
9 17 9
7 22 9
27 20 1
7 10 1
29 24 3
30 27 10
27 26 5
18 11 2
19 20 7
29 8 2
15 5 5
28 27 12
2 5 10
25 23 5
12 24 10
24 8 3
14 7 5
4 6 10
14 9 3
9 21 12
29 30 8
7 23 3
14 8 5
23 6 2
28 21 5
1 26 8
19 16 11
27 2 4
26 3 1
13 21 7
29 19 6
27 17 1
23 9 6
3 23 10
29 20 2
20 11 6
29 14 3
11 19 7
5 1 11
26 21 2
9 5 7
16 24 10
4 1 12
13 28 9
20 22 1
18 14 3
27 7 11
12 1 12
17 29 4
