200 1748 56 141
110 151 28
173 45 30
192 9 20
191 50 11
199 123 18
94 20 11
82 138 7
169 175 15
69 192 36
176 191 14
190 32 36
192 66 4
42 129 24
96 115 13
51 93 6
160 131 12
77 96 16
63 14 2
148 51 35
175 122 35
89 171 8
70 187 28
169 87 14
45 122 14
120 114 14
113 7 14
17 63 1
141 66 26
59 134 32
132 96 21
5 165 34
64 172 15
31 41 11
47 3 32
168 70 8
112 179 4
13 151 15
44 94 7
136 170 16
96 113 6
24 149 27
35 41 26
32 99 34
142 61 14
25 13 15
166 185 13
39 101 15
87 172 14
13 190 21
135 200 32
5 181 22
6 59 32
40 147 30
120 148 29
100 62 2
154 74 12
144 51 24
199 114 34
106 77 7
87 53 20
129 166 20
188 4 14
147 44 14
108 92 20
17 67 35
32 118 21
172 28 7
36 193 29
17 196 2
24 192 14
82 85 18
47 189 15
183 184 27
188 162 6
31 72 36
98 10 4
134 108 11
135 8 12
88 113 13
28 101 20
111 26 8
99 189 24
174 159 33
82 105 1
101 71 26
64 39 25
129 29 5
170 6 15
170 181 11
3 99 13
99 132 5
59 198 11
15 18 13
20 147 14
158 57 13
141 195 13
87 45 36
119 96 12
115 7 22
49 76 22
9 112 15
105 114 24
169 173 3
200 87 4
152 9 33
3 132 4
137 7 26
8 138 11
23 117 25
143 103 33
144 82 14
157 121 4
41 40 12
175 87 15
79 155 28
71 48 27
181 187 24
160 70 20
93 143 20
190 95 18
53 62 20
89 131 27
4 199 34
134 13 10
34 7 24
52 61 4
184 31 27
196 37 18
75 188 31
11 107 7
22 47 24
67 12 29
196 68 13
27 33 8
19 90 27
6 132 14
147 194 33
100 172 5
94 58 19
164 43 3
79 86 5
22 92 9
29 185 6
168 79 24
182 102 22
32 30 4
104 13 30
64 43 30
95 25 7
185 157 26
127 93 14
2 14 26
4 135 22
153 126 7
135 138 3
17 2 34
103 36 12
173 175 14
165 168 22
93 54 36
69 42 28
65 194 3
196 83 14
174 136 20
100 191 33
84 134 35
170 151 24
60 179 12
67 31 34
45 50 36
15 198 8
141 29 11
133 60 26
131 116 35
133 49 6
160 127 12
122 172 18
15 104 20
28 9 32
67 41 25
89 54 15
54 127 22
108 59 36
71 39 7
110 187 35
2 63 13
51 114 28
73 139 26
176 76 6
35 20 33
49 9 20
106 190 15
58 147 19
89 143 31
79 187 36
74 45 11
22 165 34
151 3 4
132 13 7
155 92 27
82 158 21
114 171 26
79 111 12
183 17 36
172 182 13
130 190 32
8 123 18
184 63 33
10 15 35
83 88 35
119 115 17
128 154 29
8 199 21
136 155 9
40 35 30
34 63 36
51 162 36
128 142 23
105 4 13
162 199 35
102 49 30
63 146 20
19 33 25
59 47 2
67 167 31
55 43 33
74 64 33
154 175 15
74 188 33
167 17 20
108 104 35
196 34 14
46 200 29
198 34 23
188 199 17
166 145 21
81 185 21
68 183 36
119 130 9
127 193 27
35 44 22
89 177 36
188 135 22
135 175 14
168 181 29
173 52 18
14 83 23
13 99 14
18 118 32
75 39 3
186 16 17
58 40 33
113 30 3
193 78 33
104 132 2
90 192 14
138 199 25
22 170 17
98 131 6
57 138 24
136 15 2
45 4 27
87 75 34
175 61 27
32 13 27
133 129 34
49 60 20
70 136 35
121 29 36
6 104 10
39 62 12
198 106 33
189 170 7
47 155 4
158 148 35
166 112 15
17 146 3
105 144 10
164 76 36
57 144 36
135 123 25
102 23 25
168 111 28
25 34 35
56 1 14
187 159 29
16 23 31
48 62 19
126 124 20
65 178 25
61 135 2
113 77 10
61 200 4
20 163 32
167 137 13
23 49 3
83 77 31
170 21 4
138 123 4
20 12 18
125 127 31
3 108 31
116 193 23
144 154 24
51 120 9
106 134 11
118 3 31
158 156 13
75 154 2
181 108 25
32 104 36
12 80 23
26 127 11
121 166 35
91 82 31
7 77 18
121 124 19
91 135 31
85 103 8
176 64 24
157 145 21
129 121 18
26 174 6
177 85 16
180 158 16
108 118 4
89 103 23
124 153 9
195 107 25
60 145 29
18 181 19
53 8 21
151 59 17
68 83 27
102 112 1
74 53 36
120 156 9
36 127 16
97 16 31
174 70 3
151 15 23
1 41 34
94 72 17
192 185 11
7 96 7
81 97 34
42 179 22
149 42 14
6 151 29
48 172 24
108 13 16
130 106 26
19 81 12
20 73 23
41 14 34
179 23 27
158 161 6
105 128 3
166 157 17
125 161 15
28 71 4
113 137 28
36 131 34
32 198 5
93 120 12
35 58 21
196 167 31
149 153 16
120 57 6
30 115 36
128 188 27
189 5 10
44 72 13
38 124 14
177 127 32
76 101 28
36 89 21
31 196 1
156 91 29
64 101 10
146 67 13
146 167 15
34 88 27
54 140 9
123 162 32
45 46 22
124 29 30
29 90 22
139 197 1
184 72 36
25 84 19
78 174 25
114 143 16
11 166 26
177 125 16
143 105 13
29 153 24
47 198 10
53 61 17
13 83 1
192 145 25
137 80 2
115 88 22
16 112 22
115 13 21
199 105 8
39 182 8
69 149 9
162 135 25
14 183 22
177 160 19
27 150 27
86 109 14
69 24 17
31 12 15
80 119 28
190 77 34
70 26 36
19 66 21
147 41 26
164 64 10
191 186 36
194 31 12
155 181 21
45 175 2
188 46 18
67 14 18
174 98 10
177 93 30
54 161 17
4 171 6
161 93 26
14 146 18
25 130 23
40 14 25
166 97 10
143 161 27
142 200 22
9 145 7
57 171 22
101 23 22
76 39 34
124 66 9
193 161 4
150 55 1
67 183 10
74 75 10
31 20 8
131 177 9
69 28 8
123 91 31
133 179 10
45 100 24
56 163 30
112 192 33
79 148 21
120 36 34
161 131 1
6 47 31
137 67 24
107 90 14
137 63 4
169 45 15
42 133 16
125 131 4
38 195 31
197 1 24
91 105 23
52 135 10
153 141 9
17 184 30
194 58 8
133 185 24
120 143 28
64 117 2
15 170 14
71 191 10
132 130 2
35 147 32
9 16 24
110 189 14
74 172 31
154 135 22
139 44 24
101 55 16
157 69 23
190 113 21
33 97 13
36 78 4
70 109 31
164 149 21
126 29 2
51 156 8
198 6 24
33 69 11
7 80 27
78 26 32
54 158 25
189 15 6
1 94 17
152 182 27
191 172 8
123 114 36
172 53 3
58 31 13
78 159 21
190 99 3
87 100 13
106 25 28
7 37 24
25 134 23
50 52 9
155 15 17
190 3 1
155 70 12
57 140 2
156 105 6
79 193 27
123 82 9
160 187 14
130 59 27
22 6 11
160 85 13
66 157 5
114 57 35
80 2 12
23 33 31
84 80 22
192 81 33
100 46 6
111 22 19
15 22 35
187 155 9
62 191 9
21 165 2
95 6 35
13 198 31
67 113 33
89 116 32
125 158 4
28 49 16
11 192 12
74 100 16
174 160 27
196 183 21
68 184 13
126 195 21
79 174 4
159 36 13
117 28 25
110 136 29
62 46 4
70 110 20
58 1 30
136 189 30
164 112 5
128 4 12
181 22 22
70 86 31
150 49 30
177 180 13
72 12 2
41 139 33
47 21 17
19 121 25
95 134 20
194 197 3
61 169 19
120 89 10
121 11 15
171 135 4
174 10 24
160 86 9
85 125 32
148 57 22
113 134 33
8 200 31
150 101 16
41 80 2
13 30 23
131 82 14
124 81 30
74 4 24
38 29 27
175 200 22
27 164 11
33 133 14
93 180 5
193 168 30
139 56 22
99 25 6
68 2 11
197 58 9
154 61 28
5 170 26
186 62 25
197 40 35
28 152 15
158 140 4
172 62 16
93 85 35
188 53 32
11 19 24
100 182 9
37 84 1
187 165 6
52 172 11
42 24 20
100 200 7
191 182 21
182 175 35
187 18 35
81 29 1
80 37 6
189 3 31
149 102 2
162 140 10
47 168 11
74 191 34
85 116 22
166 81 6
153 66 33
162 4 5
116 160 28
85 51 16
29 66 9
23 42 26
144 140 21
83 137 11
61 188 35
38 9 5
90 141 5
64 112 22
109 79 15
90 11 3
167 37 6
42 33 29
54 177 18
14 147 4
178 20 23
94 146 32
60 112 5
175 4 3
41 146 15
65 56 5
134 132 4
159 21 2
27 102 9
70 10 36
19 107 34
124 195 1
18 189 4
50 87 15
47 165 15
5 136 27
39 117 18
62 182 36
87 74 36
35 31 18
72 41 10
70 103 20
165 159 35
77 132 6
110 78 11
18 136 3
184 67 21
199 61 22
198 84 32
123 140 8
75 128 21
189 108 36
93 125 19
109 193 31
164 100 16
67 72 7
43 48 36
123 105 7
84 132 21
71 42 36
6 108 10
163 147 3
111 159 20
47 5 24
128 173 22
189 198 27
101 164 4
135 75 25
119 34 4
156 162 10
161 89 6
46 150 14
43 71 15
5 118 14
103 125 5
2 106 6
47 15 30
32 95 25
45 52 2
115 113 25
198 151 6
159 79 28
168 110 35
68 146 28
116 161 28
189 190 28
180 120 2
8 61 15
35 137 2
28 97 34
183 12 20
179 102 22
136 151 23
185 66 32
54 82 24
38 126 10
174 118 16
97 117 15
135 128 3
8 91 27
148 8 19
37 88 13
146 183 15
37 34 6
199 144 29
167 119 18
159 10 30
161 120 13
157 29 13
111 54 9
25 77 29
10 168 24
51 171 9
156 61 18
155 10 7
102 164 23
159 110 22
89 26 6
142 53 22
9 149 10
69 133 12
44 163 15
113 167 30
81 133 32
98 78 24
73 44 19
13 77 18
79 70 21
148 82 24
117 27 10
124 11 1
65 163 21
196 30 27
148 171 2
164 28 22
33 192 29
181 118 27
31 17 16
71 186 25
142 74 1
57 54 29
80 96 6
192 157 19
99 6 10
159 70 1
85 193 33
200 172 2
30 34 19
184 41 28
60 157 33
156 135 32
138 144 33
40 94 23
90 38 10
17 137 31
189 22 13
32 132 26
166 24 35
36 116 12
178 58 18
106 7 4
180 131 10
105 162 21
33 49 18
151 22 7
17 68 32
122 188 24
114 54 32
64 186 26
76 9 24
92 21 15
165 170 28
174 187 33
101 62 13
122 74 8
162 114 35
91 144 1
180 125 30
145 195 4
118 136 5
191 48 14
141 38 11
145 49 33
169 135 4
3 77 26
179 129 30
129 11 34
61 45 25
187 109 13
132 59 24
179 9 31
84 113 36
86 168 20
110 160 32
200 169 24
168 18 22
1 65 36
22 5 25
150 43 8
93 131 34
134 92 18
86 131 21
46 74 28
25 6 34
12 41 26
116 103 29
18 92 15
10 187 24
48 182 30
163 197 32
25 59 4
181 136 8
95 132 25
171 54 2
40 139 1
103 127 30
147 184 2
183 72 36
139 178 36
20 139 26
168 136 33
53 169 12
118 189 26
27 9 17
146 40 34
130 96 35
149 76 26
47 18 22
178 1 22
57 51 6
138 105 32
10 78 32
121 126 35
118 165 16
4 52 19
68 67 8
38 121 28
64 27 28
53 154 21
142 154 29
185 19 24
109 78 28
155 174 23
104 92 34
114 138 9
46 191 14
143 171 28
31 146 24
102 117 3
174 109 32
45 200 9
99 151 22
32 84 1
162 91 17
4 91 31
63 80 6
91 128 8
30 134 8
91 138 2
47 118 2
103 93 36
59 32 6
14 17 25
138 54 17
33 81 12
89 160 20
145 179 13
179 97 10
106 83 2
63 35 35
34 99 17
96 99 34
93 158 6
37 68 2
48 16 21
168 98 36
64 152 30
121 145 25
56 197 33
174 116 33
1 20 36
47 108 17
145 112 20
55 97 17
182 46 17
39 186 27
10 86 15
199 135 30
76 112 34
184 20 19
190 136 21
128 8 6
113 37 19
29 11 7
75 175 22
68 80 15
106 37 17
144 188 6
31 183 17
80 146 20
40 194 1
55 64 17
185 33 16
3 6 14
158 114 9
28 39 30
149 133 5
151 92 21
88 119 11
196 137 28
171 140 9
146 12 10
40 178 34
100 48 4
74 52 18
72 40 1
158 51 15
7 83 12
137 2 9
199 128 34
28 27 13
181 110 15
23 166 14
141 124 9
196 88 26
144 114 33
182 74 21
176 71 7
145 69 28
29 145 2
74 50 17
171 158 9
113 83 1
115 37 20
128 175 18
36 143 26
63 72 16
98 111 27
194 12 32
113 17 34
167 2 29
115 167 26
114 148 31
185 9 35
122 87 25
16 164 24
125 86 22
173 182 35
188 175 8
64 48 10
118 70 26
135 142 13
122 64 21
106 132 5
173 46 18
25 32 20
150 23 14
122 46 18
192 133 11
89 85 16
50 152 19
4 61 7
114 140 26
90 195 29
3 15 25
139 58 17
24 49 30
188 8 5
50 62 28
92 170 25
152 101 13
61 162 2
46 52 3
89 51 33
165 111 4
85 36 27
3 59 8
44 40 18
46 142 9
144 156 6
13 130 11
123 61 9
122 62 10
113 34 29
68 35 5
85 120 32
15 92 25
175 52 34
57 143 15
129 185 16
133 153 11
171 138 12
33 24 26
129 19 34
53 52 7
142 114 10
15 118 10
170 13 11
120 193 1
37 137 36
78 111 17
191 45 34
120 54 33
98 86 27
69 19 6
173 154 22
104 3 28
86 36 35
169 142 32
164 39 34
54 91 31
130 88 36
96 37 6
8 142 2
164 150 4
22 118 31
182 169 26
96 63 17
143 125 2
146 35 20
23 27 32
114 156 3
148 54 22
187 98 16
96 88 34
94 183 18
176 186 18
189 84 9
64 16 35
144 61 23
62 152 19
4 156 15
5 155 30
109 110 7
112 27 20
161 51 26
117 150 6
120 138 32
17 58 14
23 76 6
18 10 9
117 164 27
172 173 7
93 36 10
92 110 10
73 178 29
13 59 1
61 75 6
110 98 8
185 124 36
196 63 34
174 86 22
140 105 18
50 182 8
119 63 27
153 11 11
84 34 27
138 140 20
82 156 27
60 185 13
65 44 10
88 7 17
127 116 31
141 121 17
113 189 16
161 177 27
168 187 33
129 81 2
39 152 34
108 22 24
163 139 7
108 198 14
152 164 14
155 110 34
144 162 10
102 28 3
185 149 18
169 156 1
128 53 5
121 90 28
126 66 34
77 37 24
84 96 9
145 185 35
115 83 13
195 11 27
170 174 12
138 162 10
1 139 24
46 39 8
83 146 24
198 92 20
79 98 20
16 176 36
21 108 10
74 16 15
36 26 11
178 197 12
123 4 25
41 183 13
126 11 7
157 81 6
13 3 34
142 52 36
18 170 23
191 27 23
195 49 24
76 117 20
142 4 27
60 129 3
172 152 11
43 97 30
186 164 5
40 1 22
121 149 30
169 46 8
33 60 16
172 45 4
107 153 30
161 57 13
100 71 14
48 176 34
159 131 23
81 121 23
125 36 12
122 50 25
80 106 11
16 191 8
152 71 18
83 25 23
38 107 16
197 65 20
186 48 8
103 177 5
162 54 20
96 34 15
173 50 34
21 181 17
83 34 8
122 186 1
43 182 9
142 188 3
152 16 12
158 89 19
37 83 9
189 6 26
103 111 30
161 148 8
12 83 16
194 184 10
33 149 16
78 165 31
66 33 17
11 69 1
7 2 8
98 159 33
15 159 36
155 109 15
125 51 7
104 59 21
162 158 6
144 8 31
43 49 21
149 49 6
75 156 15
98 165 34
62 75 9
91 148 33
30 6 13
123 154 5
42 81 19
11 133 25
76 97 35
199 52 24
124 19 23
106 119 28
28 186 13
108 132 19
117 176 12
43 166 21
44 56 24
7 167 29
187 86 28
193 111 5
173 74 12
44 194 13
134 99 28
1 147 35
48 46 24
119 83 15
72 194 34
104 189 22
157 129 26
95 96 25
184 12 25
69 129 20
11 141 29
158 143 4
35 14 16
80 83 34
63 83 36
21 136 30
193 103 12
173 186 9
76 64 26
7 130 15
80 88 1
78 79 16
84 83 21
2 67 10
26 86 21
151 132 24
77 130 30
133 29 27
152 186 35
32 151 2
56 147 4
12 137 35
188 154 35
62 52 5
115 63 1
145 42 1
154 4 27
66 81 18
143 156 31
100 186 29
100 50 19
2 115 34
172 46 17
33 179 24
199 154 6
92 189 16
16 117 32
158 120 33
185 42 36
46 50 32
28 150 6
123 158 32
185 24 10
174 193 16
103 160 15
51 82 22
194 14 1
66 90 20
130 95 7
89 180 6
194 35 32
32 3 11
101 48 29
166 60 11
142 75 36
107 81 22
94 31 11
53 199 36
25 88 19
21 110 18
7 84 33
145 33 34
179 166 16
198 132 7
186 182 9
22 198 18
127 159 19
176 39 9
98 181 13
194 139 14
134 130 31
100 152 15
165 10 18
178 56 14
58 20 5
54 180 36
101 100 25
85 131 17
138 51 8
128 61 11
97 149 22
71 64 18
159 26 28
20 197 16
58 72 34
99 104 29
152 46 8
198 30 11
126 19 2
30 190 13
116 78 14
198 99 26
111 174 31
141 19 5
162 128 20
1 73 20
93 70 25
110 165 34
188 169 26
97 9 25
35 12 19
121 185 20
150 16 36
12 14 18
119 30 11
149 23 30
86 127 35
26 116 4
32 130 7
16 76 32
3 198 1
119 2 13
190 115 8
100 64 12
175 74 30
71 150 20
16 43 8
30 84 4
8 154 19
28 76 32
53 200 5
134 77 20
50 172 19
122 52 25
115 67 18
66 195 6
19 133 22
84 167 4
52 75 31
37 17 2
9 23 36
185 112 9
151 108 17
68 58 24
105 158 24
130 84 12
167 63 32
154 91 7
27 42 23
185 69 19
128 172 23
106 88 6
10 110 20
55 164 16
85 143 36
49 16 20
63 183 11
28 62 24
173 200 26
130 30 21
18 151 8
153 90 20
6 92 21
37 1 16
70 78 35
35 80 36
122 100 26
18 21 20
140 120 7
28 16 36
127 131 17
121 66 17
118 21 13
179 157 1
54 131 8
173 87 30
196 80 11
68 12 2
166 42 26
18 165 18
70 36 10
76 55 17
51 103 19
193 70 17
80 17 18
13 84 21
20 40 28
39 48 10
45 142 7
198 190 36
48 87 13
190 134 31
151 104 32
75 123 24
188 52 21
17 84 10
75 200 2
70 125 3
134 198 30
1 137 24
94 41 34
131 193 32
165 181 23
104 134 9
66 133 16
102 76 16
5 110 11
180 161 17
109 10 24
55 49 16
119 113 5
54 143 15
69 60 8
44 178 20
111 109 35
183 194 29
35 184 23
67 119 15
32 134 17
121 192 1
52 169 22
47 181 23
112 42 29
123 156 11
95 30 7
189 151 35
15 108 22
164 97 29
25 30 23
49 112 5
5 187 27
112 55 13
73 56 9
184 65 11
8 75 6
152 176 7
48 152 17
1 163 20
44 1 23
69 166 14
19 38 12
57 128 29
93 57 8
102 55 21
180 57 17
185 11 30
123 144 32
109 159 7
105 171 35
72 14 20
95 13 3
146 65 13
51 54 27
77 95 30
139 65 9
18 5 5
34 115 28
22 136 22
120 82 8
85 86 30
172 39 22
47 104 15
43 117 16
84 88 20
150 64 9
132 190 30
70 116 30
84 106 7
87 52 30
16 149 34
15 6 15
94 184 4
197 41 2
163 58 18
111 70 8
53 75 17
20 44 12
89 125 23
104 18 22
103 120 3
106 115 29
56 40 17
14 68 29
23 112 24
78 86 34
68 137 12
99 84 18
47 170 12
25 198 27
117 186 25
168 159 18
16 27 9
14 31 21
86 161 28
95 84 18
112 97 25
155 22 1
142 87 17
74 169 10
53 4 16
35 183 25
139 147 4
58 56 25
152 43 16
116 86 11
182 122 7
165 155 21
126 90 14
166 49 9
118 92 12
2 196 36
113 106 25
129 192 10
58 12 21
171 144 19
35 72 27
127 85 17
150 102 18
82 171 4
26 193 29
24 145 18
133 145 15
43 39 21
113 25 13
59 99 22
96 106 29
20 65 5
94 14 23
23 97 19
168 155 23
162 120 15
168 21 31
200 154 18
43 101 6
22 18 11
123 142 30
47 151 23
82 103 7
98 155 30
9 42 26
36 177 22
129 33 25
161 160 27
117 48 20
132 92 21
79 116 1
94 194 31
62 55 9
6 134 34
58 41 28
71 164 26
42 97 15
149 27 35
63 67 33
132 88 4
36 111 3
166 149 13
176 43 26
85 54 36
90 124 11
157 126 4
73 65 17
62 74 33
117 152 27
112 149 23
99 77 20
116 111 1
177 111 21
179 149 29
169 75 18
57 85 24
127 78 2
25 132 16
194 20 30
118 6 7
162 8 9
121 33 35
49 97 17
111 127 15
24 76 28
170 108 33
91 199 17
129 145 20
42 49 32
10 136 18
182 87 7
148 140 8
153 195 11
198 104 31
71 46 10
26 160 32
51 180 5
160 93 35
182 200 14
53 162 23
25 96 21
180 36 14
21 15 9
83 167 28
89 93 14
14 184 30
150 97 10
68 167 22
168 109 1
157 133 18
171 162 26
155 159 11
102 9 31
98 109 31
79 127 20
38 153 11
75 162 5
2 37 35
137 14 18
19 192 24
97 145 17
102 16 21
5 21 4
80 167 33
84 115 28
111 131 16
107 126 26
200 199 9
101 16 16
180 85 1
138 61 11
107 141 26
148 144 5
197 73 27
27 55 2
60 24 4
117 101 17
20 56 6
168 174 29
68 41 1
200 74 9
33 166 10
32 6 29
49 179 12
103 86 3
194 41 31
179 24 35
127 89 4
156 140 3
166 102 8
163 178 27
144 135 32
134 47 29
52 200 6
49 27 25
111 160 34
160 193 35
94 35 36
191 39 29
116 140 26
36 160 32
176 101 33
196 67 24
108 30 18
166 9 22
94 147 3
198 118 2
76 27 32
63 37 1
136 165 8
88 167 27
187 193 33
113 130 10
69 81 5
133 38 1
38 11 6
46 87 24
183 2 5
193 93 26
12 94 10
171 120 3
155 18 4
179 43 27
144 128 33
175 53 14
8 4 17
122 173 29
63 68 4
84 77 27
86 110 10
188 200 4
71 117 28
62 173 23
132 30 24
157 19 4
44 197 30
92 47 13
72 20 30
140 82 6
37 67 13
177 120 23
163 73 13
164 176 6
75 4 17
114 82 22
111 86 22
158 85 32
156 8 4
159 47 12
7 119 29
175 62 16
131 103 29
76 150 21
11 66 14
170 10 23
119 37 6
14 80 24
65 40 23
80 115 5
170 118 35
97 27 1
115 130 7
197 147 31
6 190 6
143 51 15
140 91 18
56 12 36
31 68 7
77 30 5
107 124 11
138 156 34
180 143 19
49 164 22
23 55 24
88 67 15
29 195 14
192 126 15
30 88 14
86 159 26
127 161 30
86 193 21
187 78 28
44 58 9
65 35 12
183 58 36
5 78 30
19 29 15
181 10 32
