750 4167 455 62
416 690 42
627 628 127
556 216 117
470 374 17
404 313 113
684 640 37
601 656 84
143 252 131
121 239 103
322 216 69
411 476 128
472 602 70
625 612 5
700 408 86
7 333 51
63 85 5
375 503 135
709 292 91
405 99 97
443 561 51
384 321 21
30 10 59
88 702 90
719 748 68
141 529 64
542 117 3
201 265 67
744 644 98
614 647 2
572 106 118
649 304 62
282 449 6
131 68 24
142 117 135
630 507 142
144 129 8
510 188 88
262 138 116
80 715 88
536 412 50
14 71 136
463 374 22
158 613 60
703 529 33
384 153 126
638 703 132
733 633 70
470 206 66
244 307 73
632 531 47
66 400 93
644 112 109
646 27 48
748 339 47
220 635 72
247 741 110
555 393 31
477 81 95
621 28 43
334 421 66
509 333 60
628 635 145
165 281 123
272 326 25
49 196 116
81 667 142
361 173 90
411 482 54
555 385 68
138 449 79
26 396 22
425 512 94
441 466 111
476 538 132
412 76 30
492 204 1
183 276 24
581 428 89
29 368 122
551 735 44
438 241 50
616 225 107
335 579 103
168 5 77
280 13 140
366 299 93
242 469 103
745 141 35
640 714 55
521 282 24
536 428 38
709 180 25
161 102 38
204 304 67
545 644 143
259 581 141
25 689 79
353 67 144
25 691 91
570 209 65
513 363 65
660 56 96
555 559 5
609 377 61
500 333 68
235 652 67
276 213 111
321 618 140
559 482 96
239 317 6
303 414 102
488 93 89
650 697 92
60 444 81
298 617 36
654 201 100
234 106 120
2 691 134
688 628 16
307 238 106
552 403 41
559 709 113
436 534 49
703 26 105
291 352 62
110 196 141
476 292 10
6 661 128
147 750 26
433 299 97
315 110 43
719 53 82
619 404 105
545 32 94
476 654 24
750 339 138
492 339 98
261 157 33
281 695 59
708 737 38
518 139 26
517 653 88
62 267 54
351 215 32
173 502 39
496 315 108
637 377 25
646 640 35
743 471 76
741 85 54
361 299 15
545 492 65
87 518 137
490 2 145
362 122 70
139 282 125
327 371 57
748 37 135
545 111 2
576 261 115
66 705 124
719 205 128
742 360 104
694 238 50
56 356 120
6 552 35
593 76 73
92 625 125
206 26 69
616 719 71
455 404 32
533 25 2
543 576 77
385 559 81
460 746 22
566 300 98
206 282 13
530 285 144
323 346 82
514 510 38
304 750 114
311 400 52
488 322 58
532 424 28
391 103 141
652 387 34
409 60 61
579 647 11
632 384 35
581 315 73
196 428 132
87 396 133
193 168 109
591 183 72
750 576 71
21 695 81
72 125 4
56 581 29
89 65 46
646 682 43
122 612 111
707 106 99
133 356 35
542 694 82
261 665 108
197 419 78
300 523 55
249 113 7
328 681 112
419 425 129
567 181 88
545 482 77
551 684 135
741 572 85
424 661 137
412 485 104
695 655 63
103 518 104
244 455 51
142 536 115
633 542 8
226 3 93
676 460 142
613 109 142
230 58 85
582 714 40
411 679 105
572 151 96
559 393 15
610 218 112
6 570 141
741 466 8
451 271 22
454 73 99
535 401 94
486 92 100
299 689 55
3 244 142
501 169 131
573 33 102
617 392 27
727 684 32
230 411 122
299 622 38
710 391 129
520 166 74
536 416 92
363 537 29
577 575 75
455 652 29
662 276 62
547 138 95
216 557 84
57 448 33
316 1 128
228 230 75
228 356 110
689 278 51
498 191 119
375 372 82
225 272 96
661 80 28
81 68 137
452 446 105
559 411 89
227 643 132
640 139 87
555 411 74
278 170 86
6 276 35
183 9 60
331 300 102
404 307 121
307 452 136
387 54 6
229 409 43
433 361 80
535 607 73
734 311 80
116 261 33
384 238 78
235 619 120
12 586 114
18 440 87
172 322 132
143 139 77
480 282 117
13 336 53
119 91 94
184 51 29
360 490 63
183 617 117
304 513 37
123 289 22
19 328 15
236 725 127
81 325 42
346 116 124
268 485 68
513 69 79
720 204 112
608 512 16
730 360 63
346 157 117
317 484 113
160 188 127
495 82 83
678 35 29
688 151 20
650 279 80
374 87 133
143 396 120
26 518 28
294 355 60
85 180 103
689 424 98
737 601 44
151 112 8
116 37 97
456 190 121
154 381 43
54 235 19
470 480 106
229 292 3
498 741 74
93 234 42
533 719 95
63 476 97
470 703 117
482 409 123
334 632 59
727 518 41
455 3 61
218 478 144
398 126 80
685 92 19
463 643 9
342 596 77
644 498 40
414 159 54
437 373 105
20 516 33
482 588 137
103 139 20
743 30 86
80 361 109
6 689 12
185 522 110
110 49 46
81 416 119
632 485 29
157 323 39
551 617 144
402 711 79
404 240 120
39 661 76
304 439 20
477 258 76
106 228 69
80 173 5
608 463 15
255 748 121
80 552 59
485 652 84
26 650 19
106 56 70
688 85 103
748 513 87
80 630 102
563 131 106
736 668 76
1 265 68
287 460 30
87 463 116
135 12 29
581 690 52
687 660 4
40 669 19
18 267 133
128 444 7
69 304 138
726 14 55
676 450 96
475 295 49
196 400 105
553 69 106
384 70 6
363 111 86
508 163 79
123 697 136
370 500 50
81 528 63
51 597 83
664 372 12
591 6 18
126 133 85
146 521 23
587 301 138
172 688 8
700 569 109
719 691 45
240 226 37
440 624 96
151 234 128
282 252 99
58 112 49
206 529 73
317 213 106
284 519 99
116 665 131
341 565 108
505 523 74
502 80 24
346 704 76
496 325 133
612 725 71
567 420 98
370 262 132
617 509 102
370 246 14
313 244 23
76 387 119
478 638 146
719 77 75
640 262 129
315 412 137
99 40 54
333 449 25
295 528 29
595 339 2
600 510 123
151 58 137
691 225 94
579 574 3
363 60 128
505 739 76
525 272 102
282 703 85
665 366 65
247 191 2
577 491 98
559 180 83
423 704 97
476 545 117
449 103 37
620 214 47
6 366 131
228 112 41
518 724 6
713 735 101
578 20 145
414 510 126
133 58 60
570 502 87
267 123 47
466 482 41
162 14 99
738 700 126
470 697 141
428 93 66
112 555 59
117 412 8
75 213 81
697 159 16
134 249 126
588 524 38
8 14 103
450 267 60
565 431 16
476 748 110
707 350 35
290 381 1
705 686 30
233 690 19
87 426 118
464 607 106
71 309 101
682 650 110
142 542 135
689 433 41
112 498 31
682 9 105
170 348 44
647 335 4
581 322 69
584 503 126
143 159 111
138 298 119
533 8 99
650 374 43
21 281 140
62 426 138
660 572 141
299 570 96
441 106 8
140 33 48
17 297 96
428 66 86
27 547 102
407 706 38
366 2 73
151 741 102
614 10 45
746 166 83
66 412 122
245 328 31
514 600 58
117 384 13
223 294 20
661 532 76
214 581 15
16 493 60
712 657 101
143 500 120
732 650 76
582 298 78
348 53 2
748 346 47
543 149 21
224 16 6
403 39 116
676 440 107
450 520 27
237 82 23
45 627 59
229 654 6
707 228 6
63 559 128
712 225 143
389 526 130
726 533 97
60 248 32
234 620 145
391 298 46
247 466 138
552 661 66
106 191 132
485 244 80
718 103 71
138 103 125
250 489 3
8 157 1
496 275 79
513 339 64
311 387 60
61 227 57
473 515 67
85 58 132
692 482 25
563 387 142
602 130 5
688 356 137
14 261 29
602 445 140
528 369 68
638 43 46
512 227 66
357 564 103
76 315 16
625 660 75
391 735 70
238 54 78
748 492 143
714 317 15
116 157 106
478 506 108
385 393 140
485 452 24
321 325 55
338 462 124
502 484 19
525 657 10
103 480 66
564 649 31
714 333 86
63 243 113
106 369 59
145 189 22
176 123 83
490 435 35
688 707 33
232 701 105
498 247 139
496 593 103
502 392 28
396 139 48
578 669 126
3 632 44
592 333 118
582 727 127
430 323 70
8 348 84
206 154 47
616 657 84
679 111 79
706 350 103
149 140 88
37 147 110
403 622 61
617 582 123
670 10 34
412 110 53
629 717 5
552 622 76
404 652 19
215 661 138
642 378 10
572 191 94
690 180 36
111 409 39
278 719 136
642 740 84
518 703 72
593 428 100
577 718 80
293 182 122
660 85 75
11 596 19
304 537 71
746 544 91
526 683 49
322 725 114
172 741 19
331 479 65
63 537 59
273 125 80
509 39 61
393 709 84
576 51 24
471 30 144
115 7 48
615 319 10
370 252 5
665 225 130
633 384 127
360 430 55
576 348 107
24 115 104
643 425 25
216 259 103
403 27 121
649 204 72
520 287 40
292 58 8
719 170 144
547 484 15
714 727 110
8 543 59
6 209 19
2 616 41
143 582 121
233 295 69
592 13 43
619 632 91
665 170 136
116 53 6
318 153 18
392 276 124
285 743 135
703 138 53
112 741 71
209 183 91
676 287 77
684 714 97
246 551 55
713 103 70
228 476 117
676 18 37
542 485 59
371 18 62
241 468 105
500 617 14
246 727 89
528 416 98
107 493 83
580 115 121
488 625 49
690 688 69
510 303 121
39 299 78
684 213 100
708 601 91
190 126 104
230 555 23
690 295 89
278 25 62
25 552 82
374 396 145
62 463 133
535 406 71
30 614 92
207 174 10
77 170 98
94 721 29
734 618 100
689 616 22
304 576 109
668 205 117
255 602 121
618 238 129
441 85 121
117 235 12
151 322 98
466 151 11
76 725 77
230 720 69
662 183 64
295 620 34
718 453 107
60 644 6
500 592 95
732 529 146
437 693 138
336 169 113
421 307 102
253 15 13
412 321 35
373 422 9
261 225 73
476 442 60
436 96 130
211 637 53
701 189 52
351 622 73
746 624 41
297 366 8
335 179 145
81 536 86
129 137 126
543 323 57
244 384 39
264 336 83
715 299 89
228 411 4
234 172 1
591 509 20
735 282 7
14 657 31
49 505 99
173 351 11
1 675 36
595 69 88
625 572 38
56 612 119
656 231 74
524 692 107
688 555 77
437 605 111
133 466 79
320 540 92
361 215 133
671 329 84
162 299 141
184 423 52
529 87 91
63 292 62
680 343 25
58 356 41
80 682 116
159 426 43
657 459 28
117 307 8
253 369 22
534 671 105
520 641 87
442 709 48
434 617 121
586 664 104
625 234 58
122 274 123
747 86 46
206 139 68
212 254 39
625 214 84
253 232 16
170 116 118
39 6 88
485 455 14
85 707 118
654 442 143
547 592 98
525 459 109
537 229 32
543 348 139
229 513 138
657 25 61
300 618 50
173 25 95
584 12 46
390 96 31
267 279 16
498 559 47
151 233 67
573 668 117
372 12 60
54 66 130
111 537 40
14 278 111
363 37 109
117 238 143
451 545 67
582 592 5
313 54 120
77 720 52
189 557 124
624 267 106
177 56 48
647 549 106
206 87 117
596 74 22
84 164 24
58 498 4
229 363 64
26 529 29
297 231 8
551 370 13
719 157 117
122 258 50
91 211 11
476 595 2
697 267 138
565 340 120
679 204 107
298 640 64
632 349 93
226 244 73
412 311 6
713 500 118
63 555 3
406 636 81
594 563 11
166 450 31
251 70 108
20 672 119
6 424 65
661 403 125
689 665 87
159 123 130
172 620 16
66 618 102
400 528 78
643 358 11
437 173 112
677 603 86
480 246 3
246 64 56
716 524 82
267 463 81
321 307 45
313 238 45
204 555 40
322 620 124
425 197 110
624 450 144
322 233 45
649 60 146
338 263 110
537 654 102
142 571 106
487 475 89
715 712 8
191 428 134
76 734 114
543 657 109
509 27 97
366 323 19
238 455 123
631 95 77
25 532 85
353 88 140
123 374 60
547 582 80
210 681 18
470 279 41
551 282 116
261 147 33
287 440 25
582 637 122
1 230 86
416 295 63
39 27 64
555 60 98
738 456 17
484 662 68
99 299 10
67 564 103
84 539 115
39 183 128
572 322 38
69 261 12
49 412 81
660 488 99
101 404 69
215 422 39
339 363 140
457 609 117
673 546 84
400 214 143
533 348 48
80 366 75
513 37 40
366 726 112
694 384 87
273 72 46
570 173 77
38 55 130
679 359 109
660 151 132
548 119 98
452 633 134
123 62 80
315 400 99
735 662 62
483 86 132
601 655 86
694 240 131
570 689 102
2 162 120
263 659 31
442 255 118
193 422 2
513 130 78
7 368 86
720 37 24
552 276 115
442 133 130
327 520 95
657 2 95
732 267 95
53 576 6
381 328 53
202 24 128
577 252 146
677 310 37
323 25 25
123 406 72
488 81 95
259 556 55
259 550 11
440 450 121
400 325 7
441 192 90
313 652 11
579 643 95
197 463 46
18 327 29
501 336 24
624 460 133
559 545 70
516 578 72
14 225 39
215 726 60
531 416 132
465 306 124
49 142 36
381 245 145
582 262 130
150 104 89
620 685 84
214 441 5
719 116 141
441 93 10
206 703 22
380 409 24
203 603 115
307 455 55
159 36 76
492 679 42
724 381 18
688 441 90
116 576 55
595 304 10
91 64 120
547 617 144
435 712 135
125 28 13
480 139 122
202 29 9
179 743 19
676 641 97
750 726 58
500 391 101
12 662 13
333 298 85
577 517 118
482 230 66
442 537 76
719 366 110
282 529 116
266 589 118
682 392 79
416 581 74
650 87 112
439 513 23
541 515 99
384 455 143
282 727 114
396 529 38
714 592 67
9 392 50
307 542 146
441 322 43
104 64 19
225 532 127
330 352 129
142 68 126
457 637 10
59 637 3
54 632 120
85 498 56
593 81 5
458 209 48
542 110 13
173 661 101
197 358 129
539 164 111
209 509 87
111 230 134
106 198 98
593 612 133
173 689 59
391 547 71
327 287 56
619 244 96
301 332 28
2 689 140
231 696 99
113 709 53
564 74 131
361 661 103
296 478 146
159 206 107
531 612 122
240 619 97
93 528 97
151 180 66
196 725 65
377 551 136
322 234 56
133 112 86
400 496 50
666 231 96
697 529 105
311 196 36
26 480 145
114 525 39
189 232 116
31 527 94
100 239 17
64 338 143
376 523 82
98 41 25
669 516 47
709 356 50
428 110 92
685 222 129
427 397 115
455 240 143
492 442 70
543 261 135
581 593 146
391 9 4
746 267 16
326 114 58
110 325 92
513 595 110
209 213 5
304 147 119
356 611 129
559 292 105
733 590 7
633 340 113
110 387 10
157 657 80
750 255 115
645 576 28
362 258 90
451 339 111
551 609 32
345 431 136
418 178 60
608 358 11
623 729 138
284 494 10
649 37 99
671 498 50
192 177 4
650 141 13
412 618 11
694 340 98
496 311 124
196 315 120
592 509 54
482 442 33
60 476 30
9 640 124
735 336 32
729 563 66
442 409 39
213 592 23
54 528 71
18 415 54
641 450 58
690 85 89
735 592 3
450 287 102
570 646 109
616 433 133
77 225 7
590 421 39
722 564 82
313 251 63
387 412 74
416 196 50
463 206 21
459 266 126
215 532 27
570 39 40
648 10 48
616 712 124
502 299 117
214 79 127
519 31 45
641 460 16
750 748 101
261 170 44
237 584 133
157 348 23
307 734 20
319 31 126
388 489 110
182 242 41
314 272 59
641 371 20
463 480 99
645 184 82
317 183 109
18 520 43
325 593 73
347 399 138
199 450 22
338 150 141
638 218 62
106 466 126
656 696 133
238 485 29
465 630 54
689 532 121
513 248 59
550 685 71
225 170 136
221 27 41
494 565 12
9 727 8
661 209 71
657 533 59
616 348 123
391 246 21
575 517 111
325 536 48
402 729 92
691 622 61
283 627 108
238 542 106
319 527 31
198 35 135
93 369 66
432 729 11
657 719 72
229 204 13
221 599 15
424 299 56
532 616 75
10 471 118
430 742 69
707 191 81
631 158 52
182 691 6
699 683 125
261 726 145
449 246 8
295 93 97
547 684 118
246 682 52
632 694 73
162 655 27
56 441 120
325 488 102
204 476 84
541 277 19
225 278 132
222 550 131
462 104 69
245 154 19
591 502 119
435 281 122
370 138 144
660 106 66
244 235 104
369 180 100
1 427 13
555 654 91
276 509 64
679 255 111
18 641 96
691 323 144
174 723 132
133 409 82
393 172 97
77 543 135
143 333 26
538 312 135
658 442 62
321 531 49
116 657 57
287 267 94
496 625 116
251 652 99
648 530 63
329 249 107
559 408 86
92 749 8
632 101 92
428 612 42
536 66 114
351 317 37
661 276 31
36 160 146
373 173 115
576 37 27
228 555 30
415 199 64
369 441 120
62 396 12
720 53 80
318 626 70
77 576 57
611 390 73
70 694 78
385 134 42
688 385 52
222 557 90
147 720 46
40 351 123
484 209 81
409 63 39
157 170 60
251 101 43
77 595 58
313 240 107
496 142 24
143 206 100
648 732 137
589 525 136
251 3 35
688 180 98
53 750 19
126 744 122
70 307 21
593 447 66
366 552 92
591 392 70
212 195 19
363 248 49
185 334 141
382 352 45
262 333 91
191 741 97
713 262 77
170 657 63
440 327 102
559 247 77
36 499 32
702 379 1
317 552 65
404 244 8
515 439 115
682 713 124
214 690 99
133 482 80
713 551 11
595 720 54
172 233 115
282 592 1
403 299 40
69 348 106
747 301 107
384 485 51
255 537 63
179 614 64
371 520 99
552 532 121
67 379 77
204 513 48
101 340 12
69 248 125
169 713 84
713 727 60
404 384 40
72 28 19
379 564 38
517 118 100
68 496 12
233 180 43
315 81 75
157 616 32
285 732 79
685 486 92
102 127 85
384 307 6
449 212 24
369 660 64
41 407 33
622 484 42
157 53 143
261 533 76
647 574 9
616 691 46
225 726 45
544 460 137
660 295 49
113 671 28
235 238 75
485 235 141
150 64 137
14 533 63
433 215 76
750 77 128
348 116 61
397 1 9
26 62 31
434 495 130
56 369 46
743 530 31
492 248 27
685 259 98
518 138 27
661 570 110
697 289 128
87 289 136
6 502 61
579 512 61
660 93 68
298 103 46
307 633 129
455 235 52
676 415 126
203 192 94
346 37 68
739 536 62
6 622 12
749 625 115
173 715 113
54 531 21
27 392 32
695 601 2
350 407 92
322 707 85
167 21 37
451 37 54
377 7 39
374 62 6
296 413 106
24 29 18
230 427 52
726 25 130
426 374 16
369 172 86
148 45 96
69 649 123
527 494 146
715 351 51
123 87 87
263 462 103
621 4 119
716 308 59
290 132 121
662 317 31
62 650 130
74 379 92
496 76 90
707 407 8
122 236 143
30 285 45
313 307 87
62 460 62
112 247 136
292 60 118
286 73 96
340 652 146
654 385 114
661 351 136
151 191 126
8 53 85
27 276 107
472 256 7
101 485 58
140 668 92
537 451 143
261 750 140
591 715 146
159 26 3
439 492 46
274 258 106
93 618 123
528 581 80
403 570 45
205 540 111
188 499 69
30 732 53
650 463 139
173 215 29
234 690 125
66 387 88
295 593 16
60 63 71
278 663 20
27 714 84
570 27 135
332 149 89
593 528 136
25 433 98
450 371 12
453 491 76
639 493 142
625 369 62
622 276 126
304 53 57
581 172 62
572 172 135
644 466 33
525 71 22
415 520 146
191 163 77
492 229 60
248 204 42
648 471 73
520 440 113
377 115 138
616 323 24
686 42 16
401 406 139
552 39 64
449 653 61
323 162 79
16 291 1
406 607 112
371 746 51
276 502 98
502 317 101
358 419 63
305 511 110
38 567 50
315 725 74
335 574 2
166 460 108
480 159 23
424 695 32
455 694 20
159 289 47
439 255 136
396 470 89
163 386 77
727 91 16
229 255 68
180 58 83
691 689 92
406 464 137
49 68 142
172 677 110
327 746 20
666 297 16
132 154 105
676 544 8
318 733 57
296 218 17
161 44 96
305 447 83
644 356 111
645 629 81
682 547 141
733 185 94
407 497 122
713 703 29
340 70 30
551 714 122
646 183 124
618 536 40
500 684 66
591 646 105
322 56 11
116 14 91
204 451 138
460 450 146
453 43 144
439 363 77
332 261 92
403 484 87
428 214 47
315 420 28
212 653 106
466 112 45
262 298 86
238 244 8
287 18 50
170 616 128
230 409 94
68 384 41
412 633 85
742 323 126
348 111 58
347 324 17
392 484 127
387 321 74
529 289 146
266 71 138
656 737 76
471 670 14
743 732 69
66 311 117
235 101 137
457 377 139
695 165 53
693 507 89
255 204 59
302 28 136
679 451 119
480 138 115
412 384 135
439 111 55
41 46 65
295 572 46
621 639 137
206 103 128
3 404 91
612 110 47
673 293 129
271 721 41
441 233 100
705 300 31
593 369 40
660 214 21
101 698 135
96 611 42
370 703 23
409 451 75
60 439 92
240 101 23
256 513 136
339 378 21
166 371 109
12 375 49
385 180 142
484 183 65
443 94 31
726 712 112
307 652 47
580 609 44
576 147 90
476 498 146
679 339 61
542 412 98
392 586 118
545 748 95
726 323 94
244 340 40
519 494 34
750 596 19
613 631 44
635 148 84
450 18 24
650 206 108
204 568 85
25 424 107
339 77 58
714 391 46
528 612 55
24 368 80
195 653 11
13 264 47
477 305 119
498 151 79
649 248 117
356 559 52
592 298 2
116 543 111
84 50 9
464 401 40
127 88 70
396 123 116
209 622 74
737 25 110
467 317 68
750 719 114
46 407 4
54 633 40
339 649 111
411 644 97
47 569 41
85 612 108
32 675 94
257 505 27
451 439 78
145 216 126
133 230 53
382 330 81
640 682 53
439 545 61
435 21 33
229 442 40
313 455 78
68 311 140
732 26 121
694 101 106
30 530 109
592 391 43
690 612 145
8 649 23
213 714 39
189 253 59
625 151 75
85 133 12
593 234 84
356 180 129
279 579 26
231 689 79
680 500 107
692 243 120
466 393 14
66 531 109
54 542 145
100 467 41
346 8 138
86 301 78
452 734 66
706 85 73
162 361 38
415 287 120
459 272 36
690 151 100
608 227 80
106 688 60
684 343 75
370 289 46
181 38 64
449 26 99
351 209 57
741 690 4
276 484 51
396 206 87
421 733 71
247 228 91
154 19 112
77 37 68
649 748 44
598 50 122
645 51 20
28 273 132
49 593 84
588 243 136
277 515 126
551 298 79
441 234 82
496 416 120
698 341 70
142 54 94
538 65 116
370 727 24
94 271 54
406 176 33
741 707 62
142 311 111
366 715 142
652 619 9
697 463 135
18 624 32
3 235 70
394 483 1
369 572 111
536 531 35
142 479 128
296 724 36
143 262 47
372 584 122
707 620 83
44 553 100
321 452 139
605 422 85
518 289 98
80 351 109
138 551 68
207 23 90
93 581 88
542 531 89
689 361 138
714 9 125
339 60 130
709 58 137
625 707 139
67 357 44
183 509 39
255 304 72
449 727 93
49 531 138
488 690 97
112 409 93
610 289 38
347 583 5
545 60 30
704 184 26
356 442 63
709 707 58
676 520 88
299 552 28
311 683 48
536 214 15
196 734 98
720 255 61
225 366 108
18 746 108
618 428 82
229 476 80
199 460 112
552 27 93
333 684 38
640 547 7
111 60 106
468 673 90
470 518 135
700 47 23
255 649 16
519 615 45
395 192 75
496 428 34
185 349 105
53 665 133
262 391 145
298 143 91
649 451 35
711 174 11
714 392 80
409 498 23
215 366 18
56 180 73
199 18 100
727 703 85
542 251 116
633 632 36
14 616 137
538 380 16
104 338 50
255 595 28
387 542 82
101 455 33
672 578 140
30 549 10
121 467 34
726 241 141
269 487 124
346 533 43
572 108 87
165 21 110
506 218 111
266 309 79
725 416 92
321 142 132
442 545 86
62 415 63
254 517 52
255 492 20
246 143 128
311 76 66
424 366 118
670 697 87
39 631 56
363 642 97
313 226 48
43 480 87
409 292 9
205 33 65
309 241 73
392 662 46
296 638 5
191 690 133
553 378 40
292 555 128
288 174 105
289 26 130
404 251 20
348 665 29
155 495 146
112 233 141
25 715 82
315 612 110
266 241 48
536 117 118
311 536 145
85 709 89
317 591 41
536 315 130
51 629 82
632 235 126
427 201 49
646 403 92
292 644 43
735 684 126
66 110 89
385 228 86
462 651 98
343 710 62
19 132 132
84 6 28
68 531 68
707 559 27
415 624 22
263 521 33
147 170 27
2 665 65
247 688 13
110 620 142
56 707 95
543 37 9
537 230 73
517 491 26
401 514 96
8 255 112
215 622 40
450 415 25
230 255 74
492 277 71
307 632 42
247 393 2
369 232 38
351 6 130
565 345 118
133 498 108
276 640 55
640 495 141
331 105 32
204 595 32
80 689 89
339 255 45
159 650 15
356 466 12
465 6 76
429 667 118
14 53 124
111 476 18
363 255 51
119 637 61
416 311 30
244 101 145
366 278 46
112 688 118
16 251 24
242 616 126
22 731 82
416 315 64
623 594 125
120 349 119
495 144 71
213 646 57
267 745 101
579 608 10
325 311 105
48 562 9
441 612 127
387 142 105
688 498 16
691 533 47
657 323 135
339 720 86
344 696 123
209 392 144
575 453 102
697 703 67
294 247 130
465 50 127
514 650 68
84 465 84
232 687 42
170 346 92
170 576 123
191 466 7
509 375 55
132 681 75
481 642 77
335 549 90
350 46 20
135 586 32
204 537 17
210 26 8
295 581 53
488 528 4
233 93 30
321 238 76
649 147 92
139 697 20
199 641 95
66 142 91
403 6 14
196 55 49
139 381 82
194 577 123
162 433 84
620 660 39
482 498 71
586 372 59
261 77 12
396 650 44
645 717 133
416 172 18
563 623 39
262 684 40
482 513 8
597 184 6
643 419 72
58 466 39
505 686 103
369 488 112
612 196 142
476 513 42
179 374 130
513 147 50
391 213 56
547 735 134
334 522 3
456 126 146
638 506 63
482 555 2
618 81 64
511 731 132
134 113 73
238 3 105
301 8 105
30 647 13
662 591 52
348 720 77
2 726 80
101 652 15
617 684 138
282 262 30
204 111 67
393 180 2
233 56 100
679 229 12
737 696 103
311 49 63
618 54 104
262 500 136
552 351 101
461 219 12
49 387 76
620 528 139
141 463 77
547 333 28
371 676 124
399 325 38
591 552 119
475 79 144
633 235 131
355 388 77
712 2 40
618 612 139
650 289 46
591 276 133
638 610 124
201 1 144
141 697 59
316 201 110
715 215 54
547 392 75
110 54 146
139 123 29
713 138 21
582 276 96
80 215 145
621 302 70
662 592 70
648 743 14
558 26 113
146 152 65
714 262 89
233 572 44
532 173 88
143 684 103
147 339 38
267 544 144
424 80 75
110 496 43
322 295 11
24 710 122
676 166 108
147 11 84
228 482 135
160 186 110
730 604 123
198 678 143
330 313 12
492 60 10
622 516 124
656 708 118
715 424 139
442 439 107
632 618 98
634 178 15
133 476 122
117 485 133
280 171 32
400 181 44
213 509 85
582 246 59
551 592 107
536 110 128
557 145 141
116 533 87
690 593 23
717 51 138
262 59 101
14 266 34
235 387 82
687 108 122
449 289 57
233 214 108
452 632 11
2 170 62
363 451 128
369 620 13
265 316 138
745 396 65
559 228 133
345 519 2
4 3 27
8 339 122
327 199 21
544 450 53
441 172 115
442 644 129
713 509 102
108 310 131
321 174 27
322 625 47
616 278 21
428 528 80
349 585 10
37 348 36
42 705 57
720 74 33
314 326 97
493 621 107
474 553 94
581 660 42
622 578 53
296 506 58
595 451 58
22 269 39
279 141 52
97 221 49
139 138 49
76 389 128
504 733 18
731 219 99
41 163 113
252 206 49
586 75 122
69 339 97
106 172 64
649 513 37
80 6 91
53 170 135
214 612 1
606 58 74
488 572 29
668 33 49
79 187 90
676 199 67
282 103 136
616 726 39
675 427 89
660 707 112
462 659 113
449 703 16
111 482 117
9 735 33
298 509 32
32 410 85
142 618 37
103 703 115
520 199 139
466 180 40
181 55 128
694 404 32
180 707 34
387 452 50
356 151 112
14 77 31
710 29 30
709 133 35
235 340 137
162 532 58
741 56 88
556 222 107
570 591 61
607 141 84
123 464 140
633 3 65
734 412 41
191 233 111
609 7 62
267 374 71
612 488 118
488 234 52
61 358 123
714 682 57
532 80 93
246 138 137
517 212 38
452 54 64
203 690 68
382 652 82
62 199 46
282 391 72
275 181 118
657 665 1
684 138 84
387 485 120
395 677 123
313 101 92
23 417 23
646 317 18
531 412 10
56 172 20
379 357 7
173 622 35
37 248 74
718 653 113
175 692 100
295 172 46
234 295 94
692 588 54
433 712 46
452 142 40
748 170 12
139 289 29
324 181 32
511 447 106
509 403 44
558 186 62
127 67 49
746 450 118
551 582 87
70 652 61
727 640 93
362 236 84
261 37 77
443 721 137
366 173 140
36 303 143
411 133 66
143 282 101
657 691 121
11 728 76
149 57 27
278 691 103
449 518 20
416 593 67
470 650 48
741 58 60
139 449 106
25 6 35
85 191 88
5 361 48
149 448 94
117 54 118
53 346 15
664 12 112
247 151 73
536 196 101
571 479 143
246 26 102
101 633 83
103 246 59
440 166 83
447 667 112
694 652 27
653 254 145
59 211 13
255 451 7
634 537 70
234 214 58
727 143 9
532 299 18
735 500 86
9 280 52
78 585 81
451 69 118
239 83 77
440 371 139
340 313 18
116 726 19
304 720 40
520 624 120
328 154 50
247 58 114
313 117 101
223 489 18
481 378 57
269 364 81
160 414 23
494 345 35
411 63 100
314 320 135
66 542 56
192 562 114
196 567 140
27 682 71
446 268 46
70 404 85
639 4 86
27 213 97
225 323 71
474 44 139
157 691 87
346 513 99
464 535 20
555 442 113
182 673 146
162 80 111
88 102 34
253 701 146
583 324 18
191 180 4
255 111 10
106 112 97
551 333 73
448 140 72
203 395 91
503 12 132
411 385 70
34 109 6
340 404 146
162 215 30
384 313 135
518 426 6
581 488 18
400 536 104
652 633 10
191 58 108
226 340 36
227 745 13
371 624 68
283 741 35
196 412 140
709 385 22
747 587 146
452 313 51
147 595 107
614 530 79
705 505 76
189 216 22
552 715 93
49 66 62
444 658 20
533 543 56
53 649 39
62 697 28
292 133 72
723 207 56
482 356 112
548 211 124
693 373 21
356 385 22
282 289 126
411 255 52
237 208 110
513 60 121
217 95 3
326 525 53
617 144 3
442 451 104
297 696 127
455 31 138
298 213 8
298 713 99
373 507 3
214 325 25
329 113 16
298 449 118
278 433 4
252 480 116
619 384 45
14 543 51
159 529 97
387 531 59
512 358 41
119 211 87
159 396 122
488 441 59
661 502 47
76 485 42
707 234 92
725 400 24
147 346 54
536 384 117
206 518 145
147 543 136
570 672 57
713 684 10
74 722 14
229 248 133
537 439 66
79 749 115
322 557 88
400 76 96
555 58 20
61 440 131
651 104 114
77 346 88
363 750 35
291 330 88
101 3 32
320 272 85
110 725 95
620 625 132
656 344 86
106 180 2
496 81 87
646 6 1
155 156 111
552 570 30
268 153 83
32 89 112
533 225 52
234 233 145
544 199 17
712 299 3
226 70 133
625 233 41
356 292 113
53 543 28
123 535 73
661 616 141
235 531 111
659 152 39
62 159 129
499 414 60
400 618 38
403 640 13
401 636 46
449 551 64
735 714 83
675 411 41
298 29 25
661 162 28
694 273 131
239 467 112
188 414 126
523 42 91
745 206 112
425 608 110
2 532 49
351 570 144
420 55 7
69 576 9
679 442 78
652 384 7
496 620 81
393 498 61
60 204 76
25 361 126
663 469 96
694 251 39
421 522 138
238 318 33
395 674 32
682 298 135
744 398 116
206 262 95
529 103 112
619 3 36
334 120 15
337 605 57
106 741 97
229 482 49
649 442 60
246 282 35
547 551 41
234 191 139
502 622 60
180 247 142
225 543 128
339 409 96
553 102 145
617 333 48
643 197 29
507 50 53
278 665 48
70 117 36
123 650 28
68 485 112
111 229 21
575 491 140
340 3 38
458 34 75
741 660 126
351 640 49
595 702 70
384 251 60
267 426 38
547 500 2
204 63 8
562 56 131
452 251 15
732 470 79
14 712 133
54 536 23
427 316 13
275 583 134
576 720 13
433 173 43
727 103 54
156 82 89
637 609 109
636 176 4
483 704 13
180 635 143
101 226 100
366 317 28
393 85 12
581 234 89
562 177 30
30 179 138
509 714 80
665 215 16
502 209 105
26 262 15
183 97 111
513 111 98
644 559 41
358 227 104
130 642 68
743 647 130
543 649 33
715 361 117
206 246 113
143 138 69
697 426 83
437 507 17
215 689 34
714 282 37
255 69 28
147 363 5
183 392 22
442 204 101
433 6 12
196 620 132
339 304 118
572 441 15
235 412 61
426 440 7
291 224 90
285 10 70
215 6 119
333 727 106
657 317 27
720 649 36
478 610 53
307 54 55
428 315 101
103 262 36
160 558 23
296 289 49
485 3 13
111 248 33
498 292 8
195 254 50
225 326 29
582 282 41
582 735 50
135 392 123
748 451 59
486 749 61
616 162 84
512 463 25
244 70 64
686 739 18
346 348 139
81 295 12
172 247 51
159 732 85
351 299 55
365 320 104
95 502 51
44 69 75
477 429 102
8 77 99
295 488 135
679 513 35
533 665 65
466 498 125
250 466 46
329 134 71
467 83 10
15 687 117
691 366 50
667 258 77
507 598 21
115 368 65
68 542 125
103 252 69
682 391 88
618 315 129
218 703 43
703 246 116
622 661 45
141 732 101
43 194 12
715 532 66
304 127 54
236 399 7
70 235 55
66 321 65
671 436 122
714 298 111
694 3 107
611 250 56
347 428 7
662 713 35
690 620 48
262 119 64
292 654 18
632 542 103
6 299 63
57 332 135
54 321 138
135 372 139
230 229 12
618 325 22
229 439 43
331 566 134
226 619 33
255 248 17
65 545 135
328 132 122
421 185 93
327 641 88
662 27 127
549 648 43
644 654 121
396 141 120
725 581 4
543 157 5
716 744 127
619 70 72
3 313 4
492 513 116
384 101 85
362 274 7
231 737 60
502 183 19
677 108 102
654 60 6
667 305 21
139 26 69
265 654 124
169 264 40
373 605 119
229 63 54
354 484 121
143 449 63
219 22 25
361 532 36
361 366 107
117 387 85
340 240 115
520 544 134
629 728 120
369 233 66
333 9 60
617 484 1
734 321 19
375 560 17
322 214 35
315 311 10
141 87 143
289 103 88
245 290 11
14 170 83
544 327 11
180 441 122
591 213 52
7 202 88
449 262 23
375 584 27
106 81 68
748 576 25
587 86 51
93 620 59
16 382 12
707 441 84
610 506 112
545 537 146
529 426 81
748 304 7
435 167 140
546 468 126
595 346 58
295 369 111
370 582 49
719 14 64
664 135 69
43 218 125
484 27 28
353 127 103
703 143 33
651 659 22
133 644 33
528 496 84
3 652 7
529 650 41
262 551 90
154 290 2
94 111 112
240 527 59
63 230 64
742 663 128
485 618 58
606 134 124
54 485 69
393 191 16
685 749 3
329 709 99
170 543 121
617 276 40
544 18 3
439 411 109
547 213 60
321 485 50
78 330 146
244 652 98
33 170 2
474 378 100
726 157 24
415 327 48
132 206 7
412 452 101
207 542 110
660 234 135
551 500 139
204 69 121
311 542 122
461 447 42
93 110 115
659 521 50
389 420 142
385 292 4
415 544 63
463 745 3
304 451 139
679 409 54
168 337 12
691 162 91
461 511 36
532 403 88
545 292 114
233 85 26
568 270 130
416 68 72
183 714 87
458 613 129
139 582 144
250 96 51
529 480 88
233 620 20
254 718 79
39 317 43
385 498 44
142 244 122
279 87 52
26 463 54
493 244 92
385 230 52
349 522 7
725 93 104
623 131 65
214 496 55
719 348 71
745 279 41
321 117 92
614 732 99
496 536 108
679 37 61
348 339 52
124 698 29
572 620 54
611 436 49
252 453 50
456 700 118
276 299 8
9 276 52
70 28 87
440 358 76
118 254 35
439 63 86
591 73 12
421 349 9
517 103 53
69 679 143
727 391 59
745 426 46
403 317 88
9 509 105
732 426 20
418 444 27
665 424 4
660 688 142
100 458 61
138 289 33
456 559 142
233 488 132
278 712 104
344 737 30
393 355 113
485 734 142
247 709 103
195 152 146
69 748 105
157 14 52
646 662 13
740 130 63
26 87 67
337 373 126
528 214 15
248 304 3
363 69 12
703 289 51
438 468 106
401 607 45
439 133 26
679 60 94
441 393 64
366 351 39
327 676 116
304 111 116
650 745 142
646 209 42
9 713 107
242 663 126
592 684 133
597 645 141
173 6 89
199 166 145
86 348 50
176 514 138
679 439 67
292 228 19
228 654 25
612 536 64
176 607 29
591 39 67
672 95 65
547 714 16
80 209 28
210 558 46
595 348 19
123 713 66
418 473 105
276 403 28
27 551 7
374 647 84
60 133 26
416 76 1
718 575 17
371 460 5
581 612 96
409 555 44
331 734 137
549 179 43
424 215 99
62 141 28
745 697 17
303 499 101
544 624 1
225 719 112
114 459 32
49 618 107
545 229 99
252 138 50
570 484 122
719 323 13
76 110 40
532 366 7
562 35 41
196 618 70
233 35 33
715 2 96
144 137 55
622 317 49
713 547 11
367 182 9
539 465 22
68 54 38
76 142 127
655 737 129
326 459 91
631 109 128
643 608 27
187 92 95
514 406 77
657 348 20
263 651 92
348 691 96
709 741 45
229 473 2
238 632 77
266 525 106
559 537 45
282 518 111
575 43 50
76 325 87
49 496 9
500 9 79
133 555 97
244 694 126
445 248 139
238 633 4
425 227 71
725 528 72
94 277 10
414 36 57
488 151 61
370 518 19
502 646 17
649 439 49
502 366 95
552 484 130
131 571 144
433 691 57
714 137 5
629 37 96
110 488 114
246 592 6
25 162 12
682 662 32
25 80 100
547 209 66
85 106 94
116 8 83
391 138 92
204 339 85
567 55 116
644 63 25
498 180 56
665 14 55
411 229 36
726 361 6
142 734 78
128 418 106
53 37 111
512 197 51
509 392 102
546 438 136
591 484 135
144 434 25
126 408 4
573 205 22
392 570 113
595 248 21
433 366 82
248 339 118
251 307 84
425 745 48
325 612 56
518 143 127
176 464 95
308 744 135
244 251 123
732 87 87
500 582 118
72 694 63
634 128 81
14 691 35
311 528 45
22 364 90
393 151 137
726 543 71
411 654 11
709 106 96
740 256 135
655 708 143
681 529 112
27 209 137
191 356 45
411 292 88
166 267 118
680 169 66
154 681 138
532 6 131
349 334 57
683 739 87
322 369 146
351 502 139
466 228 46
616 361 82
409 492 133
657 726 47
196 142 41
725 68 29
371 199 138
317 209 43
453 194 127
183 213 59
325 725 80
321 542 117
53 261 61
636 535 74
292 524 43
276 83 71
41 350 111
68 315 135
81 233 93
270 359 130
25 366 122
9 582 142
403 173 35
18 460 53
476 409 27
85 644 96
715 209 11
323 173 75
261 363 89
27 183 122
531 142 46
76 428 50
159 141 67
68 428 52
62 470 79
494 431 44
575 252 135
600 499 144
151 106 15
53 184 80
58 442 13
53 363 101
251 632 121
115 29 60
141 123 54
110 526 15
462 138 134
37 157 58
412 68 140
630 84 125
536 76 146
494 226 87
93 612 135
356 654 83
258 416 22
528 511 89
617 682 92
712 366 34
479 105 123
533 720 54
564 702 102
191 56 112
587 348 124
387 623 113
152 136 138
357 702 52
533 140 53
342 74 124
618 387 15
348 147 109
188 159 131
35 177 47
222 259 42
287 641 33
726 665 92
2 433 46
502 403 106
581 620 41
647 648 142
63 709 144
206 289 110
368 298 36
393 58 18
568 359 56
628 283 81
76 196 13
612 387 73
366 616 1
530 10 57
477 667 4
27 622 63
172 528 23
585 235 24
6 361 16
633 117 20
370 449 119
396 499 119
734 49 144
162 351 65
110 400 132
116 712 133
426 123 76
133 106 36
470 529 132
546 182 52
646 484 77
230 654 134
226 345 112
588 175 48
380 658 7
712 424 105
727 262 31
745 123 89
449 480 70
252 246 51
311 531 9
570 622 130
480 370 66
649 348 54
510 396 109
559 112 143
256 642 75
138 727 145
618 76 77
540 157 105
679 304 146
439 409 136
66 76 61
545 58 34
238 452 24
561 277 85
528 625 120
152 370 106
404 226 67
159 463 20
299 25 39
547 662 134
718 118 119
468 293 1
722 379 67
311 618 54
87 697 119
142 315 88
162 6 21
713 617 135
213 403 60
47 134 75
393 482 4
87 10 75
116 616 44
545 63 71
162 601 5
587 483 28
640 143 129
191 660 43
570 276 95
422 168 107
376 300 102
691 665 37
490 430 38
4 28 98
219 511 41
56 625 122
385 741 83
507 715 68
98 191 38
173 552 75
528 219 146
116 689 142
75 97 120
2 323 137
88 304 62
363 649 34
391 684 68
673 691 1
700 228 86
455 226 136
116 278 145
282 333 17
178 473 117
470 87 46
659 146 133
298 727 141
39 484 120
489 294 84
356 555 36
440 746 123
27 9 41
322 528 102
475 269 49
289 470 63
250 294 18
715 162 141
238 652 121
488 496 14
305 429 133
213 617 57
368 710 30
684 289 11
37 225 44
323 14 144
575 194 57
684 246 34
243 265 115
476 492 71
445 359 44
484 509 48
2 361 91
156 495 29
264 735 119
228 58 9
187 749 121
83 73 37
160 470 38
39 646 103
143 370 146
278 533 136
68 369 128
384 235 53
433 225 71
48 35 141
91 548 145
648 30 86
416 572 130
520 267 21
147 719 70
622 591 57
544 641 72
424 225 25
750 37 141
68 117 1
209 403 121
529 123 117
666 696 67
411 60 48
675 397 74
198 98 95
593 196 30
227 419 16
91 150 68
633 244 35
351 484 12
327 267 119
499 514 38
694 226 23
411 492 92
325 416 19
172 593 17
241 71 70
542 618 69
725 620 48
449 252 143
579 179 84
337 422 144
351 39 73
67 595 48
558 681 76
649 346 11
116 77 35
441 151 72
27 2 47
441 660 57
689 366 133
234 56 1
247 385 127
63 228 44
404 124 10
707 356 137
499 510 58
732 697 127
646 392 85
646 622 99
295 428 43
713 392 43
654 482 137
323 6 124
513 255 45
237 156 19
652 291 135
485 251 104
455 632 18
697 279 132
598 630 52
690 56 51
617 209 45
689 162 12
366 661 48
619 455 43
436 112 118
298 547 12
523 66 136
404 632 79
17 5 123
285 614 116
385 545 77
351 646 69
547 646 4
384 531 125
479 131 57
60 442 142
591 714 2
79 92 124
59 91 115
279 123 104
635 706 135
720 748 70
385 229 47
425 440 16
70 632 101
641 746 45
49 295 71
8 719 140
674 203 62
186 210 57
10 743 137
632 244 65
498 709 97
543 719 43
555 716 3
441 690 91
209 299 104
593 488 131
346 14 39
66 295 146
640 183 61
702 127 134
739 257 70
68 734 125
348 77 96
246 139 118
679 363 128
247 230 48
234 369 130
682 156 81
191 172 22
220 706 44
700 606 2
196 66 93
426 141 130
81 428 132
536 321 101
450 327 87
433 21 80
595 750 1
282 138 120
748 595 116
232 15 128
27 317 66
215 337 74
246 150 40
404 238 142
595 53 145
396 582 124
275 324 64
235 307 28
553 161 51
45 283 29
298 24 40
295 612 36
80 50 129
111 411 126
247 441 97
202 115 47
320 116 89
109 458 50
279 62 118
164 465 80
616 25 71
228 180 14
592 617 130
49 325 29
482 60 38
107 16 39
461 305 57
702 353 33
70 142 58
612 496 145
197 608 105
518 123 7
592 9 44
490 604 52
356 112 51
519 240 21
547 509 62
374 745 114
285 648 125
427 265 61
662 640 34
643 512 107
306 50 134
381 132 99
298 370 27
533 77 144
293 546 15
378 44 139
385 466 117
142 412 144
261 346 31
603 395 89
140 57 13
70 240 132
99 539 32
545 409 14
417 117 144
216 222 96
98 386 55
185 307 15
750 649 20
198 386 129
454 646 141
725 295 120
614 335 75
304 37 25
734 54 52
572 234 131
641 166 39
654 492 43
513 451 25
63 133 111
41 151 143
408 190 134
659 338 16
673 242 47
543 57 83
696 689 130
570 715 92
295 315 88
395 690 37
411 537 37
252 518 30
110 311 26
632 652 33
688 233 84
412 402 61
745 470 8
391 713 144
654 545 71
81 620 127
661 299 19
207 417 43
213 484 106
569 606 34
560 584 61
593 625 28
103 582 23
476 230 70
476 482 6
665 712 66
470 139 3
409 411 20
240 632 84
617 714 73
644 228 124
195 143 67
619 694 83
162 424 113
496 54 56
625 690 86
451 720 118
455 615 63
538 410 51
238 101 23
433 281 77
404 633 71
618 531 141
183 547 119
518 246 100
545 555 123
594 131 100
297 5 12
743 614 53
374 529 36
340 619 110
197 579 146
317 276 120
204 230 51
745 358 121
204 363 83
58 47 142
166 624 79
735 183 88
636 464 126
592 640 124
152 521 106
206 480 143
53 147 89
415 746 1
81 400 102
518 529 66
81 93 59
453 577 52
139 529 33
235 251 112
138 333 55
665 719 118
54 729 127
488 428 70
713 640 55
538 32 88
741 180 103
118 212 9
488 620 8
500 714 62
572 56 98
707 233 92
682 509 20
230 559 14
657 77 16
660 690 9
85 247 77
750 8 14
109 158 4
322 81 16
230 644 6
437 337 17
24 7 120
531 452 114
593 93 72
531 238 113
408 456 125
712 162 143
649 595 141
176 401 10
720 679 41
147 8 72
58 411 98
45 628 110
348 225 129
746 199 56
500 509 50
102 748 124
94 561 92
455 340 3
279 426 3
691 712 26
705 376 52
483 77 44
582 333 42
632 321 145
656 655 139
429 447 103
101 619 142
93 22 114
235 694 79
60 230 39
261 657 88
202 368 89
106 393 79
117 618 105
209 276 6
672 516 7
535 514 31
393 707 33
432 623 43
428 49 34
339 53 53
166 327 101
294 388 116
85 151 5
54 196 47
305 219 25
39 502 50
53 77 19
247 356 141
383 417 42
715 689 22
355 489 44
581 572 74
337 193 140
323 278 50
48 177 101
191 441 111
63 654 98
595 37 54
200 526 14
34 613 64
261 8 8
400 416 104
171 137 51
7 29 41
25 2 82
347 275 23
470 103 101
87 267 60
673 367 29
736 33 105
743 335 29
245 724 46
117 49 11
288 711 22
256 130 75
229 304 110
123 732 73
593 620 119
67 88 135
150 651 88
346 576 56
551 727 9
684 298 58
537 409 73
669 552 121
198 163 26
734 387 146
622 213 94
690 322 2
675 65 142
230 442 116
730 435 10
317 570 91
536 49 98
54 412 113
651 521 57
284 527 106
140 736 106
644 482 84
233 106 41
306 630 37
45 688 94
204 748 123
222 581 82
612 362 79
112 385 72
159 703 60
640 509 82
668 170 70
123 470 71
500 392 72
372 662 67
276 714 138
385 58 80
289 333 114
529 449 136
206 328 23
557 259 14
237 560 23
401 123 62
470 141 83
624 287 62
299 215 114
36 510 89
196 325 30
707 112 62
179 574 101
532 323 53
157 225 58
629 11 137
248 654 118
370 282 66
356 441 146
517 453 58
121 83 54
730 490 137
544 440 3
235 404 90
654 58 107
229 451 43
442 111 130
468 182 101
356 393 2
213 392 46
346 750 2
441 620 1
657 225 124
26 141 86
148 628 64
163 98 73
434 129 26
81 725 71
111 576 25
707 612 36
424 433 71
292 741 47
542 384 142
81 581 125
531 313 42
528 110 52
478 703 128
173 424 26
290 328 138
59 548 76
209 39 141
135 75 14
477 447 54
527 615 82
132 245 63
425 358 62
315 734 84
76 117 12
195 136 46
630 50 98
112 545 96
58 559 85
237 547 146
532 168 66
338 521 86
408 738 54
482 292 62
170 691 103
392 39 11
304 363 95
379 649 52
719 424 84
471 87 135
250 223 45
518 159 93
622 532 79
703 480 146
531 117 138
313 632 135
230 545 40
697 396 96
492 537 31
455 251 123
416 106 81
649 576 1
690 369 100
255 409 146
283 355 67
196 496 79
151 707 35
615 31 40
549 743 130
500 298 14
26 252 111
662 509 34
389 200 81
27 640 67
612 400 99
103 26 109
197 227 104
750 720 21
147 69 95
248 451 61
471 530 137
647 179 24
96 356 37
214 172 107
473 634 54
634 418 139
718 517 109
661 539 140
311 384 109
509 584 55
677 203 145
234 81 132
690 707 22
409 654 3
151 369 119
730 2 102
741 559 97
151 56 77
27 591 98
727 26 66
382 291 131
521 462 96
490 742 82
621 3 46
418 537 7
571 331 69
725 428 127
711 531 80
138 338 135
9 617 128
138 651 21
452 542 36
480 143 37
391 582 93
238 412 39
137 280 136
319 519 113
147 204 109
735 640 109
255 147 17
713 714 73
52 362 68
466 707 70
56 393 144
653 118 57
117 452 111
480 289 33
122 52 49
206 727 68
512 419 122
552 162 73
333 682 142
238 251 116
699 739 31
285 179 84
496 93 139
686 49 37
141 374 76
610 296 66
160 210 19
750 69 45
449 391 82
449 582 25
593 725 71
323 689 52
213 299 46
369 581 113
230 292 71
204 439 56
636 607 93
396 426 130
741 369 125
111 37 46
103 370 94
183 682 146
214 81 89
363 595 87
544 371 31
123 252 16
712 215 83
211 262 32
480 141 122
98 508 46
199 624 36
257 686 51
366 209 21
489 247 96
559 654 99
244 452 144
367 242 70
279 732 31
271 443 84
413 724 32
267 371 67
295 625 46
209 552 11
551 289 103
633 313 49
119 59 78
536 734 52
3 70 3
734 400 51
624 641 51
111 492 29
697 26 6
269 488 4
315 49 124
482 385 67
56 85 97
103 159 19
361 502 129
84 306 123
3 384 19
363 348 81
403 109 142
612 76 109
400 49 16
559 476 80
660 322 42
581 325 114
350 497 124
491 718 22
372 503 18
66 315 110
689 661 98
292 442 115
299 173 142
58 482 64
724 610 90
719 346 96
68 618 114
7 580 143
225 116 24
278 657 67
433 532 118
83 286 64
536 68 24
748 147 126
366 162 62
143 289 18
694 313 126
544 166 144
488 416 55
60 537 15
471 285 32
732 374 123
572 528 127
209 591 49
470 26 129
287 544 50
363 748 90
239 458 136
690 106 20
323 424 76
204 545 35
62 732 95
248 679 63
298 735 125
482 439 41
68 387 66
734 66 105
592 713 59
204 750 131
191 688 12
302 4 81
64 651 51
63 482 9
665 616 38
413 610 116
123 26 68
393 688 134
451 111 125
478 43 17
430 730 36
251 412 103
463 279 7
735 333 87
188 36 132
177 260 59
684 9 85
233 709 119
157 665 29
229 60 140
292 112 126
281 167 60
44 102 34
133 559 124
426 463 21
130 472 108
433 14 11
509 735 12
549 285 49
555 498 66
437 422 5
697 374 118
325 428 43
593 110 41
424 2 15
446 383 78
246 333 75
568 271 115
726 691 80
532 712 38
159 267 2
369 214 51
493 4 127
93 214 62
459 71 112
199 287 141
581 85 29
661 715 105
101 70 95
480 518 146
662 213 71
248 748 100
58 63 84
443 111 107
648 335 129
27 684 47
173 162 116
287 746 32
709 466 141
133 688 48
333 370 67
2 543 133
110 618 40
582 138 68
65 410 117
726 278 60
327 460 92
527 345 26
225 25 21
551 391 75
162 278 105
26 279 79
709 228 133
679 147 92
298 246 55
505 42 106
412 612 117
750 348 118
609 115 49
80 299 127
435 604 89
444 634 144
441 741 103
227 440 113
439 748 16
236 52 115
498 228 13
173 2 47
715 6 36
254 449 6
25 656 62
327 624 9
87 62 27
324 496 11
488 214 70
114 272 101
646 509 14
580 377 140
346 543 4
686 523 117
228 133 20
585 120 9
37 339 108
65 32 79
433 116 107
87 745 12
246 713 111
371 287 70
719 689 34
166 287 61
22 511 103
555 709 113
37 8 115
335 374 79
159 470 4
285 647 139
112 180 99
323 665 32
467 458 46
43 577 36
674 192 60
256 602 23
333 713 64
157 533 135
81 110 37
41 508 2
115 333 106
348 304 17
462 150 74
519 527 96
433 323 135
502 552 41
143 103 106
215 552 126
585 334 101
345 284 4
307 694 80
335 285 106
606 47 37
313 235 6
103 551 45
228 393 69
8 170 69
702 67 125
363 720 71
247 488 127
326 320 1
537 476 132
650 480 53
76 81 66
531 633 46
709 112 12
221 354 82
396 732 113
384 452 65
339 111 26
682 735 57
613 403 112
592 392 128
451 492 122
633 485 30
547 9 42
502 27 78
252 703 135
188 303 140
375 237 17
662 215 52
593 305 95
267 676 126
415 166 14
318 504 31
70 455 107
500 640 66
528 196 61
705 523 144
734 531 105
248 545 122
307 485 33
644 58 130
488 196 97
416 612 34
546 241 143
2 278 83
428 416 112
430 663 58
185 590 19
105 571 43
85 466 33
726 719 140
675 89 102
39 622 110
385 644 35
139 426 48
497 706 98
572 688 87
70 313 88
531 485 88
64 462 121
344 231 92
93 416 106
159 87 49
219 447 58
356 230 37
393 741 95
155 82 50
681 19 51
61 425 40
60 451 92
374 279 46
69 37 105
545 709 32
614 471 46
124 273 26
81 625 52
138 141 66
635 45 14
549 614 105
276 39 121
260 562 34
741 356 81
124 72 69
476 439 76
3 240 36
684 582 39
436 390 44
323 712 52
498 356 60
595 576 2
77 649 36
725 496 130
690 172 105
514 464 81
432 563 42
616 424 38
143 551 143
393 112 100
354 454 108
212 718 83
365 540 32
371 415 82
201 243 71
624 676 100
581 625 93
382 224 51
612 81 111
299 646 75
428 400 39
295 214 56
361 424 94
69 111 70
482 451 119
387 536 22
66 68 55
452 68 60
484 9 80
173 712 68
622 715 144
727 500 146
179 648 37
18 166 135
261 719 99
644 741 65
426 470 31
614 648 66
468 665 15
535 176 108
660 172 74
245 139 134
153 626 50
616 261 9
80 691 90
616 552 47
335 30 79
298 282 74
80 2 38
262 246 60
196 387 47
396 703 108
183 403 56
687 253 108
49 76 25
348 261 118
247 707 84
247 233 98
632 117 79
720 346 42
641 415 13
720 69 84
208 82 108
380 312 115
689 712 134
682 684 53
591 403 71
482 537 103
351 403 140
633 387 37
651 338 108
665 546 133
330 585 146
40 405 87
446 417 140
110 142 33
646 276 145
463 732 92
433 665 47
625 93 125
90 99 137
62 745 7
557 556 99
730 742 69
277 443 78
714 662 52
391 333 140
415 460 59
97 599 39
492 363 114
162 665 84
631 217 32
394 704 5
68 321 108
682 82 123
111 709 43
341 619 12
247 106 29
682 213 108
411 545 8
208 156 128
27 617 138
676 746 55
690 572 131
520 460 44
3 307 86
529 252 25
424 691 75
175 243 42
741 688 91
670 607 83
53 533 63
442 411 72
501 264 107
385 133 70
192 260 49
735 617 144
732 518 105
554 199 55
396 518 77
665 299 51
137 434 20
712 361 140
289 252 141
640 617 30
652 321 18
325 295 37
392 640 80
555 644 15
576 339 120
608 419 58
278 424 69
90 539 82
282 659 2
351 689 94
77 147 146
746 520 68
234 189 73
170 533 63
589 459 130
476 679 130
589 71 84
703 139 135
