2002 154 5726
1070 1746 1709 1103 1377 890 1439 423 982 1881 1657 35 78 1829 1965 824 1575 1051 1529 357 182 462 600 151 39 1792 568 364 1738 1387 549 1535 1958 323 1531 738 1598 207 1367 1206 1900 447 14 1863 1537 849 269 1534 458 1605 1449 315 1949 1802 945 223 77 1584 1104 99 1327 242 209 996 1341 1853 401 758 96 309 112 1570 515 243 677 32 388 250 1891 1687 322 1940 194 293 1806 1254 1072 1910 1262 891 848 1791 1956 610 1077 1015 1309 1458 1619 679 21 1456 1722 308 1522 48 1752 1754 1704 1368 728 19 551 1831 1513 1865 1652 212 1146 1379 1376 733 1448 742 178 723 840 1724 1260 1821 275 25 1946 951 1776 17 1644 646 282 476 1780 1123 1213 959 432 866 1895 1851 1618 1279 1923 1184 682 783
1575 694
154 1941
1280 175
946 180
1634 159
628 1852
949 40
421 1800
210 1401
120 1732
995 1853
1764 1007
480 530
1937 1727
1252 443
60 919
1302 1008
621 1824
647 1546
1971 1506
395 1369
1401 1441
543 1935
676 1278
458 1150
1298 628
237 1520
1518 1109
1258 1777
827 1219
1668 1375
1183 360
925 542
648 456
1065 1099
1350 487
895 1215
1331 1493
140 224
610 818
1777 8
252 416
932 414
1731 804
470 933
1627 39
1653 840
1183 1505
1600 631
1784 1271
1882 1044
1960 195
972 859
858 127
1113 1166
212 914
705 1041
665 1136
476 888
1107 301
1189 1837
1067 1325
1470 799
1001 1953
1386 1013
1233 1505
1520 1184
172 127
209 996
812 804
1247 1962
1062 774
1593 1609
917 104
1301 810
1051 909
593 1061
631 1399
1743 465
628 1530
645 236
1475 1025
351 1756
40 274
1093 1887
1497 559
1617 1300
1694 1738
1546 1626
1381 1092
1157 178
668 21
10 1880
991 1596
1649 2000
1352 427
1999 1425
1223 1105
148 687
832 1217
565 787
1731 191
806 1803
1468 1919
1241 1953
572 1797
1754 603
1202 1686
996 1673
968 1313
252 450
1425 1056
1124 1218
499 1636
55 1137
338 77
1627 1127
117 1112
135 85
1091 696
1476 414
993 622
707 971
1812 1036
833 1902
446 1685
1193 1708
400 1834
229 1761
1927 324
1347 1543
1767 1564
837 1904
1608 1976
590 1857
787 1317
1929 1346
1407 1023
479 1328
1615 1651
1288 390
1361 852
1234 1240
1082 756
1595 1730
72 888
514 1694
1652 565
1107 1025
1284 914
1115 149
1390 766
1693 628
303 318
839 880
1932 236
444 942
1915 1988
875 421
1092 327
795 96
877 1977
203 875
1810 14
1452 1550
1070 1633
1845 1093
1423 30
1035 508
431 915
1611 817
388 661
121 1136
758 1147
1205 124
1744 196
1732 271
839 1419
528 170
103 380
1282 1747
870 329
541 1171
716 1646
353 495
1035 1972
1982 1715
1659 494
653 245
66 472
232 488
1786 1123
1121 352
1691 53
1034 1828
1309 1463
1420 1416
251 1868
1482 1495
1532 267
299 28
129 223
1456 525
616 1961
759 453
70 91
917 272
287 87
581 1581
225 1487
1411 1838
1959 18
1558 537
308 1234
1502 52
283 832
261 425
805 1291
969 1819
1705 1054
167 1101
360 59
600 1292
1086 1975
483 1604
1807 1430
823 1648
483 963
655 640
1813 941
1352 261
140 1087
666 616
1772 1623
224 504
737 1280
1924 696
214 941
126 411
356 1632
1023 279
1962 1582
250 746
835 1342
1212 1280
206 25
995 251
1656 127
1034 115
1314 1195
1796 298
1398 1504
1717 1681
1461 247
1073 122
1206 864
1411 1980
597 952
1870 1746
1880 289
738 1743
1523 1279
1035 1665
1966 538
162 223
267 1219
1208 482
1521 791
1671 37
1081 244
1270 680
1101 138
995 585
650 317
229 7
1868 131
1974 1828
706 46
1688 560
287 1659
563 1125
1196 9
1319 1223
744 600
690 554
197 802
735 825
761 798
53 1753
1803 1275
752 534
1198 1507
1895 1209
601 321
1235 1207
653 434
1207 1413
1890 1634
630 1788
1746 1870
111 232
1657 1362
1396 1421
599 1282
888 72
1888 1110
1738 1388
929 544
1835 885
684 1814
1319 1488
1764 1005
937 1360
1643 214
1676 18
1190 205
806 990
739 479
1798 1423
1757 1298
485 1149
1538 24
797 1343
1212 25
552 1851
1255 297
1937 329
145 1631
1086 295
419 173
244 1351
948 454
1741 190
1997 1943
907 992
225 1184
1119 1918
1577 1670
327 676
1465 1013
1345 1138
856 49
65 1815
1674 245
33 983
1209 1171
514 1005
478 1925
1149 1967
156 1338
597 1703
764 715
884 1564
1989 1512
1796 802
527 1248
39 831
1868 973
1549 1039
458 633
1316 1237
228 1049
1251 1303
1806 1899
16 1050
966 1159
824 938
558 366
1006 1269
833 76
151 195
1514 1372
265 358
1067 1284
481 1213
1833 1735
517 172
1613 484
414 1597
801 402
1249 581
1117 1671
1861 1483
212 1026
27 1501
1581 1759
574 123
676 1653
835 1191
333 1877
232 194
481 1943
558 1121
2001 603
1644 1333
1292 351
849 774
1163 1767
569 929
1370 1705
368 672
43 617
1030 802
1252 1099
775 499
1140 404
548 1638
361 1691
957 77
128 1190
291 902
192 867
426 1973
967 531
1457 592
1004 1757
1652 1969
1805 1514
1814 455
567 1213
931 352
1512 1454
1542 1463
420 484
1015 576
320 203
1008 1178
1465 1261
1327 1419
1197 1604
1215 547
1621 216
606 766
1382 297
408 651
702 611
1974 1146
1180 1002
1553 1090
1908 1283
471 340
1001 552
427 2
910 1683
1349 763
595 758
312 926
1407 1321
1872 493
1623 31
733 485
731 1116
726 1758
1296 1202
309 1281
1544 1032
370 109
776 947
1588 677
1662 1552
48 858
341 1031
238 64
1012 31
1182 1942
813 205
1032 1568
1821 1106
805 296
893 9
341 1730
1166 171
1198 1929
1324 773
1108 520
469 206
1977 1761
1725 1301
424 1864
24 1701
1 1707
1877 689
1215 1588
813 1592
191 906
1199 1555
48 1003
1922 606
1849 1026
1185 795
989 198
482 1061
1880 1632
432 1666
1451 1839
515 763
909 264
1719 1357
1157 56
1570 1091
724 1311
1012 815
948 701
1266 973
980 161
505 507
165 1592
143 1679
403 1795
1211 1929
10 4
552 730
1238 1509
1398 1387
940 9
1051 1392
714 1388
1995 850
702 1899
1059 33
521 388
1657 203
1624 1329
1994 346
1971 1975
1948 1533
1365 836
1910 1809
472 1184
1688 1343
555 943
1353 1277
671 990
732 1429
229 877
1043 1912
161 39
926 1001
1195 1293
1705 139
23 885
1449 98
333 431
1176 985
1176 500
654 814
1817 131
922 1762
918 269
1270 230
1540 143
672 1171
639 286
1246 230
1098 479
1021 317
1233 805
1593 1100
28 1933
1156 1902
1464 468
1799 309
1185 796
993 1753
825 1712
1162 1873
1064 16
293 1970
1232 940
185 1564
186 1772
1549 1091
969 1691
1577 1372
540 1897
1089 408
1191 711
853 1020
1057 49
1687 674
1039 1728
1290 1384
1448 1894
152 1540
1302 1789
536 1393
1686 1870
525 1456
517 67
1916 1789
270 387
328 227
79 776
643 183
1833 787
1798 1203
922 890
1488 1956
1266 736
396 874
1052 1789
594 375
1496 1068
235 54
901 517
37 458
492 1335
1227 1863
1728 1133
1814 1828
1423 997
1942 360
510 519
1996 1046
1182 968
433 1625
286 1545
1759 1460
999 77
1233 1105
87 85
434 1740
666 1658
1915 622
1850 536
1601 67
1024 1693
406 1012
711 1940
723 906
1416 749
412 442
61 1128
1618 304
1498 284
1048 382
1938 664
94 1729
1994 597
1981 1197
1668 1882
352 558
83 58
804 812
1376 902
822 113
998 1978
1404 1549
1513 1240
1327 759
1330 705
1336 1002
1948 578
1728 1091
1102 568
307 478
1879 1903
1777 89
1252 12
1656 1408
1330 1515
1044 1950
1696 1603
1576 942
1229 976
1341 1407
798 214
1791 1683
844 1664
1936 246
7 1632
1416 317
1539 1236
991 1826
1087 1168
635 734
1997 867
428 1980
1580 1791
1708 1662
470 1475
298 955
428 497
622 1865
1262 1947
1272 796
1317 1757
902 224
1843 678
395 1878
1993 1246
990 1206
347 330
1477 42
1780 64
574 657
1380 1456
1302 1916
86 1527
1684 1768
1338 84
673 1075
1059 549
1769 668
79 1687
414 453
762 706
682 1194
1099 1129
195 1509
1967 513
550 1213
1328 545
945 222
633 604
1888 1980
1034 93
216 1058
1207 427
1945 1058
927 1166
1837 1457
70 1903
209 1690
909 861
1068 1615
1243 1484
1423 1798
1800 326
349 1715
1857 875
1770 596
1775 370
118 1751
727 207
1992 892
325 683
1548 587
485 1967
91 125
1914 1609
778 777
365 1662
833 1371
1171 1160
129 1222
1792 424
547 958
479 970
1920 322
1334 1141
1649 1711
1706 63
42 855
231 1568
1104 1111
1402 1900
1333 1482
133 1938
66 225
174 1484
233 1307
787 598
1548 673
1002 1491
883 1592
1998 946
1413 1369
229 1405
79 977
1279 1273
1347 1467
1057 1860
1148 1280
166 1555
792 922
1781 1566
1574 438
1712 984
1233 981
1666 1267
946 763
167 411
934 1667
1044 1354
1243 820
34 438
1121 1439
823 1714
744 1663
1240 511
1281 1125
222 945
591 1391
1206 1002
1961 1658
1652 1095
2000 242
849 1033
1892 567
186 1985
1312 977
1789 1642
1319 171
318 303
1808 652
1562 749
1146 1067
1237 1438
1586 75
1653 1414
1737 1905
1760 1898
4 59
89 285
1518 963
1768 1228
1079 994
1814 239
281 1494
11 536
1496 1651
722 172
376 614
564 1396
1244 1057
1065 1529
613 1544
1610 1725
1330 146
1811 258
144 936
1619 663
389 1416
958 661
818 61
721 1147
217 1551
1103 446
417 464
1095 1600
1729 698
1847 1276
513 573
1641 1366
856 1436
911 1118
1403 626
725 1578
1905 1737
1839 1943
1149 1581
1229 431
1186 1763
1199 728
814 577
321 84
124 242
1061 525
1866 250
201 879
112 1214
1524 650
1584 1272
412 760
401 721
1240 523
1056 1045
1898 72
1072 1750
582 810
633 536
1038 1288
1331 1355
1821 340
1894 290
848 593
1012 186
1718 898
1309 1265
1397 1900
668 356
1539 629
1580 494
1601 971
1367 454
332 374
434 653
1826 1502
602 1018
305 1199
711 1191
1482 646
1029 1621
785 1381
1130 1894
435 705
155 1614
470 54
295 777
261 1976
335 1042
1816 1957
404 1140
984 20
1011 1080
670 790
1459 740
962 1724
1302 1995
1937 803
1006 526
617 11
1009 1980
1894 811
1788 1427
1457 15
85 307
1131 831
642 1328
1300 1589
1443 1858
929 492
1188 484
1552 1035
1867 1688
836 718
667 1167
1081 1307
1278 394
773 1103
1199 166
196 753
1553 1222
1471 68
568 403
1866 1396
47 1250
331 1146
773 1593
286 712
1149 1041
1655 354
1541 1981
1450 814
877 1405
767 1457
634 1749
960 1519
396 225
1752 535
1404 1091
922 1563
1790 1078
1097 444
1079 1009
1049 824
1211 1717
1809 221
7 891
1145 1454
927 153
996 643
1977 1175
1198 1283
1281 1443
1478 193
163 364
1154 1986
801 499
275 1469
1186 1830
1550 747
940 1107
542 892
167 978
571 1462
75 1727
1678 1415
662 610
1031 874
10 1612
1645 681
1285 1231
679 21
1430 49
1501 720
1846 1470
155 1661
1254 123
159 672
1037 168
105 66
1562 279
1029 1705
1513 1865
1120 685
1574 1700
1985 1772
1105 1554
923 1710
1346 877
734 315
840 1819
1642 1018
1377 274
1376 224
586 158
1899 62
958 1934
617 300
1528 556
721 1706
1683 1112
713 1700
835 927
263 1250
942 324
1262 877
1749 1828
1061 134
659 1526
1478 1584
379 1052
218 1509
674 1726
1481 1367
234 408
161 1737
926 543
777 828
988 1274
502 19
843 698
1766 707
930 433
258 523
305 1856
1277 1668
1164 325
935 1462
1787 1539
1210 930
1041 435
12 1252
580 995
1257 932
1990 295
82 798
364 1308
26 491
485 1582
322 1291
1258 1227
1417 1538
194 1620
373 733
100 493
1724 631
1125 927
614 1951
1801 1343
1001 311
1381 869
1681 7
417 1530
1238 1743
658 1184
1990 678
557 1542
362 14
1594 735
1516 1891
1839 1096
1201 421
841 9
206 344
958 881
957 1147
347 1028
624 1371
119 1595
933 1434
1183 768
1906 1380
327 1753
1615 869
144 1846
1970 1370
707 1144
244 1989
1190 1
1992 1491
825 47
107 605
1679 819
1333 862
857 475
1629 911
1848 1446
136 853
173 419
1018 1081
1979 1129
273 200
1261 1551
667 739
1510 669
144 799
445 1805
641 336
29 1609
736 1239
1438 901
84 321
76 1152
1540 469
668 7
847 1769
357 342
1869 1702
1716 1110
587 425
273 1019
890 954
437 707
1632 360
1970 853
672 159
775 479
1840 1804
1512 233
1459 1386
461 1315
77 1446
1465 945
570 121
345 577
1746 997
71 75
1417 462
615 2001
249 1162
824 1764
131 1772
1019 35
1847 1666
465 1804
679 1947
506 935
655 1991
1883 1069
601 158
778 1732
645 357
1599 1258
718 463
1931 1938
5 368
237 1780
500 187
347 1977
1306 1816
145 961
769 1114
267 1263
1894 485
1312 1726
1690 479
1106 152
1823 1673
1446 796
1850 332
1413 763
943 1191
1767 154
1428 1490
916 876
851 1983
19 9
1918 786
1434 1887
1362 320
1684 646
1911 1969
1785 1503
339 1211
306 1595
369 1089
451 1018
92 691
1993 1221
553 967
421 1201
569 417
793 1070
838 1768
2001 929
1238 745
270 691
337 452
986 1728
6 671
1130 1582
284 805
1228 359
266 894
1808 1446
300 633
694 533
1420 1909
826 468
1388 1536
225 66
1271 1353
295 1960
242 788
1066 1717
850 771
722 48
1444 1569
278 578
558 931
1556 930
1615 818
1268 146
1879 1677
1245 1614
1564 1949
1695 1707
407 907
1983 985
1483 1988
1402 1189
1941 1047
968 947
694 514
755 1499
1758 251
545 670
33 753
1305 1197
1612 821
1141 677
363 532
351 887
1844 1555
1455 1667
803 1011
1785 1323
1020 574
659 1619
1960 1136
1166 1253
1515 435
1883 837
994 1671
112 555
303 444
515 1375
1543 1467
1099 202
803 1760
1608 1449
1770 559
1868 1471
1402 1981
823 1469
1028 916
650 1416
81 1367
793 1019
1851 1927
1449 1047
916 899
1606 124
591 1155
1107 485
1641 887
293 972
1881 1288
338 80
1591 609
1632 1183
1744 1824
966 193
1715 207
1845 118
1512 527
1980 1671
1720 409
160 1818
1844 940
1825 419
1523 1228
944 1821
1854 1850
1408 772
504 1655
862 259
1415 924
1643 868
1745 1230
493 1171
565 1911
1069 373
1200 1653
1988 523
1464 964
1246 1667
1663 665
452 1204
1260 1365
887 1224
1498 110
292 1209
318 1355
1597 1413
970 677
841 1069
1764 601
1792 1378
25 571
339 1028
1690 1999
1824 767
363 1027
6 990
1909 1802
1763 160
1259 955
726 1654
1825 894
398 1628
369 1875
650 1637
95 1119
273 539
1059 342
1854 210
1442 1518
1295 1508
1488 247
1188 1914
483 1156
1198 1421
1161 445
124 1349
1845 1707
1964 1286
924 1778
1472 1049
1771 286
416 446
807 1483
176 1485
465 1743
88 1810
1827 637
160 638
753 747
1622 939
1895 730
1692 576
608 199
1501 1497
1137 1275
431 174
1992 1014
982 26
130 89
51 370
1494 369
38 1427
350 2
1450 345
1241 543
480 1689
190 1742
374 604
1139 648
1185 947
788 1690
1269 1444
1700 807
744 271
430 1900
846 1145
1836 1350
844 1605
1143 1964
1476 880
417 1540
398 188
18 1959
951 146
1304 1741
1424 1261
1060 761
1497 1501
1769 7
125 549
1696 1241
1636 402
674 1920
446 495
1618 119
979 1160
860 1897
517 1480
814 1062
377 568
362 447
1767 425
511 1226
315 1499
971 613
560 663
1758 279
891 1977
677 1874
715 533
1158 1774
3 1795
1957 403
818 1237
1282 78
1453 255
968 1040
1665 1903
988 571
1466 815
1564 643
1993 1127
612 1340
1813 1437
537 298
1474 1634
1612 923
413 1425
45 1257
1311 1747
1858 1799
443 1046
1301 725
577 148
291 384
1266 1119
23 1727
1159 846
205 573
1752 122
1234 1381
37 38
424 497
938 727
1365 93
314 1218
1633 710
657 1806
226 442
762 1037
848 1632
1671 207
1315 1743
213 390
1613 601
1317 1697
1353 1882
134 1678
1407 1341
1967 165
468 475
73 1474
177 1610
1610 1546
1474 1966
541 292
1154 1821
240 1210
571 550
1125 322
1392 753
367 701
1231 500
346 1029
1221 1965
955 1079
892 939
509 649
1448 132
879 813
1170 1108
1087 168
1445 1749
1051 808
1704 348
59 1456
1907 43
1520 1169
981 927
1134 430
167 473
370 615
1914 1957
628 417
284 1281
1725 1184
1979 1650
1194 1952
636 694
1962 811
1107 1955
1178 555
1794 940
1909 369
748 799
1668 791
1424 1036
1262 1390
197 1558
1455 39
241 1080
1321 1934
1196 1232
1653 1819
195 754
1525 1238
1668 1970
246 1859
7 1218
785 235
1958 1928
676 313
970 243
2 427
995 547
1060 723
920 732
582 1546
1425 1878
1978 1142
438 662
1871 1499
433 1942
447 1949
252 1455
1207 1664
1300 1584
1682 759
997 539
323 754
55 1738
691 1229
1421 1507
369 1345
994 451
51 1754
1399 23
1230 1547
1094 1963
1895 324
1619 168
74 1805
1838 207
1499 1416
490 1153
1380 502
231 282
502 1968
227 50
426 897
1390 1922
1641 1663
1165 179
457 803
1834 1335
1564 1014
592 1672
1373 1607
383 1939
361 1097
277 1219
905 1159
328 210
16 1483
72 177
1749 1154
1524 945
212 1034
349 1635
1081 233
633 233
440 627
1582 278
825 1357
1636 677
57 1873
1005 163
1235 2
35 599
781 275
1770 1674
1775 378
1500 1963
190 1347
1630 1147
1247 290
215 1775
1775 51
1590 71
583 653
1157 883
157 1933
730 1927
1002 362
476 1360
144 21
1963 1500
1328 1913
764 1613
1935 1276
19 1778
440 651
1537 1176
567 448
993 1915
1407 1389
1284 1067
106 262
415 207
1432 51
950 577
1807 49
1144 1074
59 256
20 63
1054 172
1429 58
505 1860
528 463
1956 85
265 441
784 1491
69 1160
633 1248
208 1300
963 1336
881 388
192 779
1992 884
962 1723
45 932
609 1406
1586 857
1162 1669
1206 1397
750 1561
189 131
1909 1499
1689 1296
1158 1878
317 389
1044 1244
591 1971
874 1923
204 1139
1340 1581
151 1926
468 1600
83 508
1101 1430
780 1657
1267 1603
695 478
1165 1735
319 429
13 2001
1228 937
1681 356
1264 449
930 821
435 52
455 1034
272 1342
177 116
1978 1216
1261 1036
1920 1942
243 639
1418 481
1990 1901
5 1872
1341 1637
948 1694
1666 1603
1179 1703
290 1695
625 777
937 359
256 1055
1886 1589
1193 1429
605 1466
1281 284
1750 302
1954 1572
1167 1874
92 1573
1341 234
962 937
1629 367
573 612
372 633
1388 55
1497 720
560 1951
1801 1172
1722 1567
194 1785
747 1535
1447 1076
683 1591
1106 1540
115 1365
379 442
1787 957
1001 1895
1033 1539
234 405
108 1671
1617 1272
1064 235
1673 643
876 899
1225 1168
1739 887
192 607
888 381
506 504
1046 982
1184 647
586 822
837 728
1887 1064
531 967
1082 1469
320 1978
1800 89
626 1424
1238 173
216 1074
1718 173
1435 354
358 940
651 872
674 1084
952 662
1817 1809
1637 1407
1183 1124
3 727
20 129
1168 168
1783 908
1761 1769
77 1033
832 1786
726 801
323 698
168 426
1168 1368
31 1772
1237 1522
1458 544
1848 758
699 1966
1573 1746
906 798
301 1844
1144 466
1485 608
1479 991
1107 1232
1886 246
713 655
1414 1653
125 1932
895 1359
896 142
1398 592
558 1344
215 1913
690 1783
843 754
1290 265
36 1571
1331 444
1144 1026
1455 230
1334 1266
766 1199
1219 1646
1086 509
1935 312
127 975
1152 1738
1165 1601
1877 174
663 666
579 516
1711 1999
1064 191
1862 673
516 565
287 117
1945 1697
1506 323
1461 1580
559 1720
1541 932
1864 1100
363 771
29 1490
175 1418
604 332
1132 1400
1713 770
1198 250
1760 375
1931 439
704 1714
1033 999
590 1242
1724 1399
1059 1193
15 1047
1114 149
731 1525
1810 632
1386 222
428 1854
1646 555
1887 1831
1848 1589
890 636
418 1442
1724 962
1220 1319
1854 1715
1219 1419
1466 299
960 206
1831 1845
913 537
1723 1034
1133 1277
999 765
1679 175
1103 416
665 195
714 1352
116 381
1022 631
376 456
674 593
129 1177
893 441
1441 374
1875 1416
1769 502
1590 1797
1944 597
440 1551
910 478
145 1495
1705 1354
1312 1498
1442 404
1691 1278
1795 1957
1701 1928
1476 696
1949 1909
544 1704
1521 111
684 455
1341 1138
634 1067
321 202
1772 1688
1040 1687
113 792
49 1139
1846 1380
549 1665
1514 1925
1263 1597
701 6
1538 590
1266 895
1203 1798
1506 1231
1139 1867
1614 1613
1366 1616
1089 1812
504 1852
1069 166
1499 1170
52 150
902 384
594 889
1116 1525
933 1773
1080 66
63 546
1469 143
936 748
1668 1521
1950 1057
388 815
643 996
1340 1776
202 1529
477 1488
67 507
1029 1656
1662 1972
1108 185
150 951
1046 399
1757 781
1303 551
605 1172
700 634
424 1306
1418 1578
903 1000
1127 1455
722 1560
343 912
276 467
1588 736
280 982
1916 1351
897 1559
1481 1427
818 1128
1535 103
1235 1767
1198 1612
112 1549
644 399
346 1944
997 1292
1870 333
117 287
1918 1934
1699 1438
1494 1758
807 1865
1945 615
554 365
239 1923
772 1560
1552 1624
1169 729
1720 596
672 1460
373 278
753 983
1130 146
1928 1701
1841 215
892 1108
1686 518
1314 525
731 1117
1773 1303
1306 497
1340 883
1937 889
709 1887
384 1655
1483 1653
1550 1429
1790 1822
1298 832
1427 454
378 1814
273 678
509 1224
1480 772
1391 1885
1190 573
1623 1772
1299 388
1283 1891
697 670
1 159
1496 869
1379 417
811 742
987 387
1120 1188
1680 76
4 360
603 492
1797 979
704 175
1818 1186
1494 1524
727 1441
593 1183
1116 1315
1907 512
1636 499
1413 395
711 835
1643 1670
1661 1764
241 1394
1975 1531
230 1131
228 764
1765 1003
1995 1008
1010 1657
171 1113
1950 1244
19 578
264 1392
1180 1189
1587 186
1093 1643
1322 491
1437 1060
1328 1771
446 1324
1609 824
1787 345
143 64
1819 327
563 1527
578 1611
1286 1557
826 1399
854 507
1581 1696
240 433
1448 201
1277 1375
1504 1387
1881 1452
810 582
1607 1215
474 146
1547 1596
1787 765
1257 1924
2000 486
81 671
498 1021
409 865
1672 1075
1840 1905
40 638
1885 1509
1307 267
204 215
488 1703
335 1917
1540 863
459 819
1777 1036
1275 806
1822 224
487 1005
424 487
1848 1808
759 1476
1633 1202
836 463
435 146
1234 1813
282 1898
63 1630
289 1687
1579 668
1815 928
322 1105
583 720
1859 652
1265 1834
132 52
812 114
1411 497
1694 1005
776 1185
338 1859
805 981
236 125
371 1773
1437 327
1379 1655
1726 805
1191 1126
1160 552
1133 1954
755 1548
1511 1081
58 1701
623 1375
1778 785
131 126
87 494
951 1268
234 1842
438 1994
394 1318
1028 7
1874 547
1507 1422
1779 1858
97 1376
1662 1879
500 985
1690 1878
1150 300
610 34
494 1068
46 571
949 353
243 907
1360 170
667 545
1515 865
924 1434
955 451
1009 1378
1016 106
617 50
1899 1101
764 1563
86 566
526 373
1897 860
132 1247
1599 1406
1198 1422
399 443
679 1390
1267 69
1938 366
1883 893
1981 1163
849 1062
994 1259
1425 996
1151 1079
148 79
395 124
121 1292
1685 537
656 78
864 261
1702 528
1830 1377
1462 469
1295 586
482 551
186 605
1724 455
509 39
1610 1648
1214 141
263 851
1817 376
340 471
1583 657
1677 169
1130 142
1560 722
1358 1998
293 136
1522 127
789 1658
1956 1683
340 1440
642 670
344 1212
1992 784
212 378
1526 140
1428 792
73 444
1890 368
1832 732
1484 450
223 1033
1443 1159
452 1522
1904 44
813 868
1936 338
466 1067
638 685
542 1499
1972 1832
861 1051
1919 1258
436 750
1920 674
1146 634
1543 1347
178 191
1581 1474
1587 1868
1943 1255
774 1718
991 18
1036 1921
1768 71
435 513
1167 1334
407 1874
416 1830
1072 560
1126 1191
1259 108
1384 1380
1237 391
1679 823
1778 205
1221 1609
112 1113
1664 734
1095 964
1861 258
585 1758
987 1870
1968 1778
1032 1394
366 1051
131 299
457 1360
1519 469
501 864
392 457
854 67
142 1130
340 170
1474 1590
1530 276
1739 1743
1316 452
1479 474
1097 761
472 1487
953 307
559 1935
1359 1874
1296 1709
1477 878
1902 1397
1278 53
384 960
909 1356
651 1842
1522 1699
1568 1898
783 725
958 855
170 528
1287 1840
1665 380
1586 803
1472 685
509 1292
568 1836
487 210
148 80
945 1465
579 1833
1630 595
1396 1556
1659 1956
1360 375
943 835
1844 1778
522 774
1222 401
1922 489
118 1513
1206 1352
1142 320
321 257
471 1445
1845 235
1740 693
401 1553
729 1610
425 1871
1182 322
938 1816
1295 558
1638 738
547 131
1464 1652
1971 1357
1464 1385
1510 243
99 141
1348 59
1491 190
1292 1960
1166 1271
429 530
720 255
1099 920
1689 249
124 1649
475 1523
1545 126
981 1220
247 496
450 691
1393 45
538 699
260 1841
705 1149
1927 1160
1768 1684
1039 791
1349 1098
1782 430
16 869
1685 197
64 863
1502 1479
1973 426
1829 1246
1057 204
1658 137
1644 318
1242 1857
1093 785
632 1748
1294 11
1595 1698
426 1368
1193 1650
1179 1620
967 1628
931 133
856 1265
737 704
1124 1580
1152 55
385 1646
686 1071
1603 1267
1602 394
1633 1870
1614 922
1304 1855
1991 452
1145 309
1741 1304
288 239
1261 740
1161 1651
356 668
1159 1799
231 1523
1533 1475
366 769
350 1027
942 1576
545 1328
477 717
12 1827
36 1
858 1765
669 992
99 555
1662 365
234 878
842 73
20 1192
1555 1025
1756 39
1370 1528
818 1988
712 657
123 702
1045 402
1961 22
1223 981
929 1225
989 63
714 1738
1801 1619
362 1543
32 1471
885 962
625 600
1419 880
736 1918
697 1020
1887 1731
804 1643
1409 1447
415 1052
1175 675
1876 1086
786 1587
1269 782
1574 1705
1781 1424
900 1551
1106 1679
699 646
1252 534
1429 875
734 2000
1936 1539
821 1516
1005 833
908 320
921 1385
1968 1208
239 1394
399 280
1848 1312
95 786
820 1763
1373 1359
1266 1471
23 455
1917 1946
296 1313
509 665
1442 1504
1559 1168
1778 1475
1740 583
17 1966
685 1795
1698 1595
698 1506
1441 454
1849 1032
374 458
1631 1768
1263 1214
470 1025
1668 952
170 1520
1146 1697
1388 1803
1220 1505
921 1724
937 282
308 713
455 471
610 662
1242 1417
232 623
1252 741
1103 1965
937 1586
1925 1496
1763 197
1333 1486
21 1794
1180 963
532 1608
67 1395
1530 1004
868 812
233 1257
1269 991
179 535
1912 116
1727 594
489 728
515 254
613 1144
587 1163
1344 1431
693 1676
1092 361
146 1515
89 1089
1299 1389
850 524
1484 820
1231 825
476 1923
1808 240
1366 994
1692 1528
1263 267
162 1192
939 88
49 1542
1384 1320
1110 1716
1744 342
795 1687
186 411
1975 754
876 1968
598 212
1387 1189
649 1663
595 1886
1712 735
463 1135
914 1024
172 556
1072 815
954 321
1975 1155
1243 431
1049 393
1815 709
361 1092
1554 566
1929 877
1925 1316
506 354
468 1937
1937 857
427 1981
458 300
984 765
644 196
1506 1712
604 527
592 1782
378 1024
520 185
412 918
1079 955
1514 1733
1439 931
999 1848
211 481
1089 900
1522 975
1228 1394
108 602
418 202
413 1711
1229 1763
652 1630
519 479
367 1367
1275 1118
1613 808
1658 797
988 1462
377 210
1292 121
1148 550
332 50
545 1323
892 1992
1129 1832
566 1105
1486 306
1012 411
1891 1084
1616 548
379 226
1529 418
382 69
1191 1956
1645 1543
634 331
1110 1980
1791 1461
251 651
1018 688
799 1380
626 1781
1968 1489
1136 1663
981 171
1839 1648
716 112
1588 1254
800 1086
1453 1276
1896 1106
1762 1295
586 1661
1495 961
819 481
333 92
1966 303
254 1098
1473 1624
1917 1149
1043 177
1153 703
1286 1486
159 5
102 1596
1658 616
293 1077
1381 1234
1190 165
766 679
1182 981
14 498
736 1874
1430 1309
1891 1210
692 6
1897 832
1147 1859
1811 807
153 308
17 493
1991 1496
187 1594
1872 1851
511 1097
1956 1703
363 2
1578 1997
853 859
304 341
969 145
1357 1192
665 649
1261 222
871 1744
373 896
1664 1649
1582 1130
802 1864
55 1118
1633 1162
1959 1674
617 1534
1009 903
1012 1466
862 1495
1054 1950
1306 903
400 1688
622 1861
395 1413
749 1471
499 1637
353 949
25 211
1352 1206
1862 1711
1842 872
334 1952
80 512
1555 1187
38 1441
284 905
1761 1028
139 901
1006 1856
1544 288
15 1457
1072 186
1400 871
1775 1363
1737 548
1955 278
1317 1974
106 1094
1063 1606
752 588
1665 1748
945 1089
790 1337
879 1157
148 1989
1439 149
329 553
331 1749
194 1882
421 1174
367 6
1744 1099
800 273
1558 1593
197 1378
471 1492
320 998
1427 1541
1901 1136
530 1070
335 829
689 1709
948 1629
110 1185
1849 1260
1318 468
1094 1989
149 861
1916 1052
865 432
430 362
91 1164
469 960
1670 36
688 1789
782 1269
220 1122
1621 505
410 1234
1742 14
992 667
1789 1995
1489 134
1722 1831
1399 1602
1384 489
359 1727
355 65
81 454
717 1505
1702 1264
568 1795
1638 548
1866 1066
889 1031
397 442
1749 718
1897 988
1383 603
1226 1647
1584 148
144 134
164 1534
1882 346
738 199
98 1413
812 191
1883 841
692 715
941 1060
863 1786
729 1053
1885 173
1856 485
280 1585
214 1092
614 376
1445 471
1338 1392
1624 1417
5 541
575 65
1643 1731
1414 1691
13 1335
1574 1882
1727 1360
585 1389
112 385
695 1651
922 1326
967 329
1628 329
677 1239
809 1968
1227 222
502 525
625 295
813 1190
266 226
112 1039
1441 1838
739 243
692 1388
742 128
173 490
653 432
1638 428
1563 636
202 1518
137 1343
1408 1077
1116 654
1909 1170
653 583
372 1150
387 691
1869 1469
1052 372
1493 1895
1996 1252
265 782
510 1728
215 1542
1711 1158
1091 1353
110 966
836 1217
74 1722
1415 1064
100 1847
1351 1294
1134 963
581 1249
1826 1946
814 950
1832 886
1300 1500
1430 557
102 526
527 1646
676 1399
1557 444
1222 1706
1615 928
637 588
1372 660
1112 87
1677 1591
1680 1005
596 255
1374 1908
1187 19
1362 908
1181 1266
1831 114
317 1524
726 1266
1619 1801
180 243
672 1331
481 175
244 1294
1920 1726
333 30
1342 1088
390 1447
737 779
1951 560
1008 372
352 769
910 85
1515 1501
1034 1760
455 1849
771 1597
427 1548
1164 248
1508 1575
1747 800
200 1311
536 716
393 1957
1248 527
1592 573
913 994
1746 270
983 1650
1333 1684
740 1389
886 974
305 166
482 1303
1707 1
313 1278
1223 86
735 851
519 1510
1547 1230
1464 394
726 643
1554 1105
762 1087
96 966
1783 1409
1649 1413
1973 1435
970 639
1951 1458
750 326
996 1774
481 1892
299 107
828 778
1153 918
860 540
194 972
1530 1298
808 1356
1435 1168
1520 529
951 1759
1438 1204
263 577
709 1514
1251 470
483 1402
524 1605
1675 1405
248 1932
734 261
173 950
1548 1711
1984 404
1984 1398
1470 1380
1607 702
1566 1781
1813 1861
1675 606
1111 1081
911 514
1735 613
23 1544
1471 1072
1419 453
1861 622
294 306
1489 1195
366 1439
1273 1279
185 402
1533 1303
487 692
430 1491
1246 537
1018 1511
852 495
706 1822
846 1159
1587 973
88 1083
1092 82
100 1209
998 1010
1804 1287
1392 1529
1090 250
773 1186
971 1144
1808 1516
1032 93
1253 1191
835 1291
1047 673
459 823
1728 1549
1486 71
1811 313
1633 1873
1792 451
1427 701
44 1826
1739 1366
1999 1878
747 732
1445 1986
410 1240
1583 1785
1203 934
112 1646
248 892
853 1970
1546 334
1391 1315
1074 466
402 726
1559 168
1672 1690
227 349
1543 1420
1707 798
976 689
930 4
1440 1749
189 1545
1413 124
69 1872
1669 319
157 815
1039 719
791 1620
411 406
1022 1414
554 1447
723 941
696 1640
745 1391
1511 1111
943 555
213 554
1792 955
804 1571
122 109
758 0
445 1722
182 1535
269 490
635 624
1496 1050
1775 556
1195 1489
1182 1040
734 1063
244 1500
150 1330
3 1472
780 1076
158 694
23 394
384 354
747 1857
328 604
1424 626
58 1665
1199 1533
897 1037
1800 1227
1096 1194
1827 1344
1855 83
1248 1178
514 1427
1941 673
138 1899
836 1440
695 1615
68 973
928 1925
1683 655
943 711
549 1304
368 159
1491 925
1590 303
1719 20
1975 94
1734 491
726 736
196 202
1014 1871
1622 89
933 1678
712 1545
1316 1651
653 1770
862 341
677 1181
1856 1962
1852 291
1153 379
1070 800
634 1146
1657 320
697 642
1175 799
1147 1446
577 1177
184 1303
1405 1922
1346 1262
367 350
1932 325
790 1072
911 692
796 1589
72 1011
1620 111
1664 98
1955 19
64 1786
1274 1896
964 1766
496 1461
1847 1935
1076 1417
1904 526
1300 1272
1635 990
1387 1504
1326 792
1141 574
1546 1578
1420 185
1505 1461
296 1342
887 1756
789 956
1347 1622
376 1867
384 618
1631 1684
1980 602
719 669
764 1508
1418 737
974 1429
1354 1621
1380 1533
997 30
491 1585
1383 1530
116 1043
452 1700
1953 69
749 547
1443 846
202 196
618 960
1647 1381
910 153
1810 1742
932 1419
695 1699
940 924
1745 1596
1698 304
1916 617
1490 1428
1729 323
1272 208
44 1596
768 256
126 186
885 1814
1582 1894
1035 886
1468 1566
498 1748
949 29
1457 1180
1661 1245
977 776
222 1261
1436 473
529 1169
384 1822
268 1046
1759 573
1038 752
442 412
379 688
1409 690
670 697
1701 1958
1487 682
1827 1431
613 1317
998 1657
1934 157
1528 1015
673 755
601 484
1539 957
1926 195
326 436
401 595
1597 1682
1058 370
739 657
1998 101
1691 840
1349 669
539 997
124 751
1439 741
1828 944
1865 1988
575 655
760 1642
395 101
1943 297
1018 1351
164 1081
65 575
1337 189
1225 13
179 1165
242 98
547 521
1763 1186
169 14
1445 1154
360 256
540 275
997 1798
1039 696
768 360
1395 216
639 1167
507 1165
899 1906
1029 1841
560 1458
340 1780
114 868
439 423
342 974
88 1403
487 403
1925 713
1816 487
776 96
910 1615
1424 1566
774 1936
293 1572
1193 747
375 1011
1994 488
1309 614
333 252
1031 381
632 14
385 1404
109 1122
694 420
1859 758
816 1030
318 1927
661 1477
1840 1671
70 325
1816 1836
9 301
789 1834
174 1877
1677 1665
1446 193
576 1621
1017 1572
1737 918
575 1161
615 1432
1263 99
868 1571
307 1991
1904 1364
1347 1170
261 734
1731 1437
1555 1232
875 1624
1749 1897
35 295
74 1815
1751 622
277 1263
1318 359
12 1332
1778 1577
207 1854
641 938
315 1999
597 1237
262 1478
331 464
1174 1624
369 650
300 844
864 483
1603 1276
1221 1685
956 560
1841 1913
1083 1416
1990 1747
237 1169
307 910
469 571
957 1936
942 1930
1761 1055
1220 86
1717 770
311 1895
1014 1420
1787 1147
1473 1919
1273 329
147 1249
846 1404
1446 1236
1811 1310
1807 956
17 842
1662 974
1730 294
763 946
558 352
556 179
537 824
1509 522
1156 1352
188 329
845 1949
1012 1809
1104 1512
1915 1653
681 1622
794 1090
1606 1063
420 514
607 1382
1714 567
1176 1719
1868 42
955 424
1282 1843
1913 556
22 1619
981 1791
720 1517
1313 563
1717 339
1212 935
1793 263
1120 727
1000 1629
1802 281
1027 1893
321 76
1120 1007
898 397
1097 1557
869 1647
221 1085
796 1880
1960 649
751 1205
928 308
719 1570
1627 1593
859 293
1561 626
1244 1044
733 1006
1824 1442
1069 305
1776 1249
1751 410
645 1708
827 99
1734 280
26 1452
342 365
1567 1815
350 532
1533 1196
883 56
973 95
738 1117
1167 407
390 1256
1013 1459
844 1305
1701 1777
1748 1566
184 1415
938 1120
1621 648
840 53
1449 1981
1046 280
414 510
1940 1126
240 1516
1390 1384
1535 58
811 896
308 1496
894 849
1254 611
1141 180
1200 807
1988 1915
447 1645
668 347
1316 1226
1703 662
1599 1919
1188 3
1224 1616
496 355
633 374
1740 1497
1138 1842
1424 285
914 944
533 948
276 781
474 1745
716 171
1082 819
1425 479
527 414
1816 948
646 838
651 408
1574 1077
1056 1075
203 1076
754 1391
915 160
1101 411
1796 824
578 132
482 1293
584 30
1996 196
2001 781
799 144
324 1851
448 175
1037 897
1845 1670
1385 378
1457 447
456 1658
756 1786
356 1380
1672 154
1748 498
1174 1473
1181 1239
989 1090
270 1746
784 925
296 1580
1489 1456
1763 915
1073 1058
1962 879
467 628
1002 190
489 1947
1547 991
875 1329
1845 1571
493 382
1375 972
1245 1295
618 344
557 122
1083 681
88 939
87 1615
1667 1030
68 547
1325 1697
1598 451
1786 481
824 685
1957 1816
1375 1785
918 1907
1718 442
1723 476
1254 406
1772 456
205 114
512 1016
1543 784
1830 1763
34 610
1153 412
1725 1194
1150 374
14 1021
90 263
365 1972
611 123
670 286
1752 1363
961 304
1952 334
270 92
761 1819
1749 471
101 1017
1467 681
574 702
1613 1508
1785 1017
878 686
1354 139
1620 1353
880 932
1948 9
524 532
1953 1927
1921 217
181 989
1786 1194
1661 586
1820 413
1385 1652
958 1933
45 751
1555 1247
719 111
1328 215
1348 1580
149 321
1242 1174
1211 1755
1058 1067
1753 1022
1219 414
1267 1696
1437 761
1329 1800
1729 1975
533 1736
1156 1371
725 1943
1639 1321
1541 850
319 480
1655 706
266 1718
1581 1890
1430 1542
1471 1119
0 1630
984 985
565 1464
1457 1002
258 1200
873 237
1648 192
1324 1558
1635 81
937 803
446 1965
1383 1368
418 1744
1085 815
120 1876
1791 153
1324 1763
1966 145
742 1611
557 978
1343 1658
903 1079
539 1203
1190 56
1222 181
1770 959
1179 1353
187 1231
912 1524
1754 1463
348 2001
551 470
1091 719
60 1358
1739 980
1071 1085
700 417
1248 277
631 1727
358 1883
1681 339
60 519
1628 398
209 1711
1290 562
415 1411
119 306
1876 1136
220 615
489 679
1100 415
187 1285
1254 1101
502 876
486 1063
607 867
1413 486
611 1899
1262 339
1283 877
1855 609
594 359
476 457
247 1722
40 1914
654 754
1805 65
423 1827
850 1976
1853 42
1475 205
871 1504
1030 503
155 1508
1565 353
1729 218
1651 713
167 406
885 1835
557 302
1331 73
1553 1066
283 459
1129 1979
746 1210
177 72
644 439
1557 1333
1862 1170
905 1646
118 1434
1795 727
491 1193
1945 109
61 818
1306 1836
533 1308
873 64
1862 1871
735 47
1935 1895
420 1007
667 677
1555 1955
927 711
692 1005
1052 164
336 1914
1256 1881
1214 555
295 625
1141 479
1724 1318
429 518
1470 144
370 1754
27 1497
3 1120
1407 1138
1918 1587
1691 23
1149 883
729 66
891 799
1806 697
138 167
1907 80
986 272
1523 359
1650 920
1702 1520
1537 1062
1744 460
982 1783
746 1066
142 278
1636 1673
1853 627
638 792
493 1493
654 199
640 722
1964 1355
920 645
1578 1255
1917 1547
1255 607
1955 1303
866 1267
834 959
977 96
904 1383
530 793
334 682
1284 417
1760 1043
1740 245
954 1252
432 1720
866 1493
520 1014
479 1266
945 1389
1680 454
584 539
129 90
1262 1929
1021 1742
503 1297
1863 1459
1313 296
831 176
289 59
102 1547
921 1464
1247 1448
1003 172
1701 1468
946 515
689 252
1409 1452
1161 74
1516 240
283 1106
1662 1665
1809 1910
147 201
710 387
189 1012
1638 1905
1710 821
1604 1449
188 1279
1347 1871
51 331
663 1343
1375 919
579 565
132 829
1874 1373
448 1418
75 857
1236 1848
1818 416
1395 1775
1505 247
570 831
1941 520
867 253
368 1644
1200 1278
1455 1993
269 43
1570 696
275 1082
269 379
1620 662
1310 1861
1431 1252
1411 602
1569 102
1375 712
83 380
40 1614
1538 1701
1876 120
269 617
1109 1387
1589 79
1102 1350
1040 86
504 224
729 1725
1197 242
400 1623
1421 1396
1495 1939
709 1805
838 1727
1493 1048
506 469
1881 757
1432 220
574 1323
904 2001
1017 853
1890 1460
307 438
1721 1657
445 1577
700 1445
1172 659
633 1150
1708 747
1318 1835
921 1766
1726 1880
760 226
1680 692
1338 196
527 272
511 869
1612 356
1846 936
1990 200
1319 1125
1235 1305
1300 80
1602 1026
1965 197
1795 1816
416 1103
1302 43
1695 201
879 205
1094 1104
1829 1030
1002 1782
168 1559
1485 161
664 558
1194 1626
1472 1816
838 862
147 742
139 1705
928 1647
1078 1757
524 363
54 1577
1909 845
669 1358
242 254
813 201
1410 64
1086 600
1128 1310
968 1942
1449 1235
1877 1818
1167 639
1163 755
671 1481
507 179
710 1270
1466 830
1705 1370
1315 1531
745 814
1651 695
1596 146
1846 1187
588 1332
1321 1868
497 108
1873 319
67 216
1303 1251
728 305
1237 858
1678 371
984 1222
208 687
1173 1662
1115 1051
1244 576
1471 686
366 439
1652 1766
196 1132
565 378
915 1685
1339 94
117 1994
791 1277
24 1777
283 275
1443 1145
278 811
372 300
1345 1875
1186 298
705 951
650 1023
1471 400
1576 552
1218 1968
268 1252
1843 1660
1640 1358
1646 986
766 606
162 984
384 344
239 888
1428 852
1834 1750
1496 1925
112 1088
863 756
454 1367
835 1253
1648 1451
1567 355
532 1327
1071 388
86 1088
754 745
1477 881
1791 717
673 1548
1875 1036
602 428
1586 475
1258 1781
741 26
814 269
1464 971
224 506
153 1615
1358 1349
600 1660
1458 614
1077 1370
1045 1341
1497 1453
275 832
834 1770
510 1091
881 1477
241 1898
640 1765
1760 803
1901 1270
1031 870
1902 1235
1412 1477
983 1129
105 1011
1055 1348
1625 10
205 128
101 60
1812 1299
1031 188
1753 1333
684 1260
1909 1564
660 1093
1169 1487
1778 1190
258 676
1042 705
617 1104
880 1327
72 116
977 1498
425 1672
1980 415
1804 1905
1967 951
1632 1489
934 1829
808 257
922 664
1793 577
571 1418
174 773
895 68
753 645
1434 511
788 775
1907 1617
1126 791
1050 1234
271 744
512 110
73 1286
1511 1302
715 714
529 647
578 1157
1456 1293
1423 816
1639 1587
1336 430
1966 444
120 323
1991 1615
1887 1372
423 871
1826 1149
1521 1277
1192 1793
126 406
665 509
1842 1299
1295 636
675 668
619 841
1086 271
1634 17
749 1562
470 785
943 385
949 792
1492 836
1180 1457
489 1470
989 1147
1939 1698
1374 1507
562 1405
972 642
638 274
1945 1325
655 1237
727 1795
240 10
1422 1681
106 1589
1860 204
170 1123
1282 200
175 550
1327 1476
1891 1579
1066 1507
894 1450
1828 860
1587 1639
214 1143
1732 828
348 1383
1499 1345
22 1172
1433 325
826 684
795 1185
288 1869
926 1666
173 1062
564 989
1401 37
893 358
700 1821
1066 1422
261 673
1463 1073
1205 1649
978 557
638 1377
199 1411
1241 1872
1112 135
1357 187
720 1276
305 837
399 644
1844 1582
1113 1342
732 365
503 230
1117 608
1233 1223
1569 1269
892 362
819 1082
452 1237
298 537
298 802
1346 1384
1377 1490
576 1528
1950 1503
1532 1111
229 1713
604 1541
533 76
443 1734
1764 484
344 1519
119 341
404 1984
1654 1636
1493 324
149 55
375 476
571 935
1596 1826
1697 1317
561 921
641 1120
753 1708
836 528
619 893
1931 769
712 1020
1398 404
1033 1177
1138 1637
817 879
1061 924
654 1525
588 1734
1186 708
500 1285
459 175
34 1503
1542 856
1703 1656
1239 895
861 1338
444 1590
387 1296
698 1531
1498 1185
1951 376
1943 779
1185 1498
432 1501
750 1919
948 911
1095 579
950 1825
1708 753
1861 1022
1616 1739
26 1585
819 863
134 809
1682 932
1660 120
913 1965
678 1990
1736 701
1913 576
1002 1347
376 569
239 288
1762 268
1970 1375
101 1358
1981 1235
905 1779
881 521
690 1288
496 1580
1315 1116
1855 1879
1099 1387
966 1281
534 1650
1265 1542
596 1453
17 444
43 1987
1509 1315
136 1970
226 918
526 811
1669 429
1621 1057
927 135
386 802
595 1516
879 1643
65 1434
1548 1420
1694 1629
330 936
881 1412
1253 1291
1353 1017
620 1830
1015 505
1839 1301
1702 449
88 14
1692 1430
1049 228
28 221
1912 1610
821 1210
541 1474
558 861
1381 1226
453 1393
1495 145
972 670
1893 363
1080 72
533 1694
103 83
735 1176
1398 125
1468 1599
264 196
1838 1401
139 1077
1334 479
316 531
1447 690
551 933
1473 24
1906 1470
1702 1410
332 1263
280 1038
1838 372
488 597
1128 337
1431 443
1574 952
1380 1846
28 830
397 269
912 1802
1601 1752
627 878
1004 1790
351 1616
1900 15
755 1767
1085 1172
1274 1897
1107 551
1884 1281
137 797
20 546
99 1178
1746 656
843 1729
1531 654
1578 779
1722 575
1865 840
698 754
1818 1103
263 345
1851 730
1590 1355
1323 1771
1509 1525
1387 621
67 1601
1038 26
539 1292
212 598
1085 221
1135 1410
55 1397
90 162
382 292
1157 817
781 1790
764 1308
622 53
686 388
1428 40
183 1045
1337 1430
253 192
701 367
770 1755
1733 355
1297 1667
1217 1896
1098 1358
342 1650
722 179
1776 1935
1614 792
1196 1955
916 848
92 1746
1715 701
1907 1016
1190 812
1266 68
909 808
307 1994
1693 1067
966 1145
98 1649
34 1703
347 1846
1104 1351
1040 1084
1567 65
410 1483
949 1361
628 276
896 205
360 1218
1366 980
1611 813
1296 333
208 1272
524 844
1540 988
274 938
1743 608
478 1204
77 148
1869 528
199 1743
864 1402
546 401
900 1812
652 1446
787 1833
1863 1403
519 101
1868 1772
1355 1286
177 381
1965 802
1903 1591
409 27
856 1807
205 147
1377 641
1665 1800
551 1372
327 826
23 631
775 209
1078 1379
1010 780
1666 1241
1383 1757
1133 510
714 1803
868 73
673 587
437 1735
1923 105
743 350
707 1544
1718 522
901 1560
410 1865
955 1306
8 130
294 383
1583 574
483 1206
1529 1065
381 396
1814 684
228 484
1943 783
1703 1244
1949 884
1443 1779
539 656
919 623
1316 928
1298 988
1298 706
965 1622
803 239
1656 48
1724 1365
1583 1970
1460 1331
138 611
1435 140
1715 367
201 1592
1919 1599
668 1761
184 1314
93 684
454 630
268 1931
173 774
3 1575
1163 1548
1705 1244
1296 1870
1759 1331
1152 1137
418 1065
1954 1668
223 1192
1774 1359
281 369
1813 1092
1757 1379
1050 1811
882 1506
1013 222
608 760
1162 480
1636 749
40 29
1474 842
1275 1738
903 1259
1364 733
454 1397
820 1246
54 1813
1173 1832
710 30
1977 256
1328 1545
745 1509
1824 1984
1665 1810
1441 210
1123 143
190 362
1488 1505
914 1067
485 1130
1249 1759
307 117
871 1400
15 1645
767 1900
255 720
1897 1106
1906 502
93 471
58 609
1460 318
1246 1455
188 316
1580 1554
612 883
1407 1637
839 1178
758 1886
1654 801
1969 921
557 1430
537 1796
1587 32
772 1765
206 46
1288 1550
58 24
1826 1041
326 1561
1851 552
1257 880
774 266
667 642
654 1531
1959 653
1898 392
473 978
1458 956
687 148
106 11
1289 1618
1982 630
1030 887
1352 430
914 331
1951 1834
1933 1910
252 1709
1596 1042
414 1257
683 248
715 911
1849 455
785 660
1774 183
428 617
1571 1731
1618 1595
1371 1902
1570 1039
1966 71
1216 1721
25 469
570 1116
35 724
1942 968
130 1424
849 1825
636 1308
1813 1988
710 816
850 1893
602 415
547 1639
669 1349
1521 1954
619 1187
609 83
1399 455
1579 10
1006 733
495 1377
749 1637
1396 1866
1844 1533
1866 433
1433 1518
1860 1395
1307 233
1576 1595
1360 457
1007 694
1457 1189
334 810
36 1097
780 875
1536 714
688 617
613 437
577 999
1480 1765
920 1059
728 102
1937 1228
1710 1625
1548 1820
943 310
941 82
1566 130
1693 331
724 599
556 535
115 1026
656 680
503 351
392 476
846 284
208 1081
1433 683
1889 552
513 165
1657 462
863 1213
1930 1889
652 1579
417 860
1405 1883
294 1618
576 215
648 1436
1938 84
749 580
667 479
185 520
1964 1644
213 1429
1934 1933
536 233
646 1937
1970 972
1222 1859
956 22
3 685
517 1560
1124 1314
1532 827
1070 1202
389 1875
1561 436
1895 1048
1468 1701
436 24
1334 970
37 328
467 781
1715 1838
380 1535
1947 893
347 1175
1527 1125
771 743
1869 873
1221 537
1964 1557
1378 1864
468 1602
682 1301
143 823
1378 393
1250 1793
1842 217
917 716
565 1735
820 431
507 707
1721 203
1927 306
48 1385
1090 564
124 1056
448 1714
721 401
524 1541
1963 1094
1420 1494
1478 244
1555 1130
2001 1168
743 850
77 338
1682 1393
176 1151
830 1910
1889 572
1755 877
1087 762
503 1627
106 1016
1646 1253
305 841
669 515
39 351
1411 1110
94 654
296 1223
1012 1817
1214 1404
81 1736
1230 1502
1389 234
223 1539
634 944
1106 819
741 1996
730 324
1543 1949
315 1047
650 1524
1879 1535
1883 1533
1824 1518
451 1716
1759 513
769 954
1763 537
127 1480
315 1672
1711 1820
40 1361
1177 629
1965 386
765 77
882 843
617 43
348 1298
1437 361
665 980
506 960
268 1431
688 1916
1261 1299
1699 1128
874 177
1088 835
594 937
1914 336
1156 1397
1632 848
1228 1279
1739 39
1411 1716
323 1339
172 1775
1317 700
1756 1224
335 52
1233 86
1241 100
1895 311
487 1441
775 1158
943 719
1425 1711
1876 295
1690 639
1812 1853
1231 735
44 1364
54 1831
461 731
1694 692
458 1850
240 4
1354 172
1517 27
1803 1206
1426 1092
1369 486
813 817
439 12
1269 1596
1888 1598
705 409
584 1292
1966 1631
1545 1101
1201 1174
1329 1538
1642 1104
1832 1173
294 398
114 761
1365 1723
335 1946
272 141
1118 1536
1107 1130
944 1492
365 886
1598 227
689 976
554 1452
1124 314
456 1619
983 33
232 791
730 1289
1702 1610
251 1341
1986 1828
167 702
1394 1568
1685 938
963 1163
1712 1537
1494 317
279 408
694 636
793 1873
1352 990
1190 1643
1633 480
1987 633
715 692
1656 772
462 1958
245 834
1993 934
1922 1947
886 732
517 1969
1322 637
829 52
233 1219
1725 1839
485 146
58 1591
773 802
877 1929
229 1262
1126 287
163 701
1981 395
723 53
484 764
1648 682
230 1993
274 29
1861 1464
1237 337
1559 506
1293 184
158 1613
187 1718
1709 1243
792 890
228 336
677 41
823 756
680 1131
336 694
1817 1072
1737 415
1773 1415
462 1857
460 264
908 1142
27 409
127 1766
1311 600
376 1458
1839 810
166 265
268 321
352 1051
742 1731
572 730
1602 23
1574 662
860 988
1683 117
163 1388
292 1001
862 71
1018 219
1892 867
1916 1150
1073 370
442 490
860 238
1076 1174
1279 889
118 1577
604 1987
1215 138
106 1617
1051 156
1778 1157
391 1700
658 1869
1336 425
617 688
1287 1743
1266 1587
364 714
749 1341
1664 1976
444 1557
2001 1704
512 80
445 709
182 747
405 1551
808 1114
1039 1133
1656 1621
1368 504
1763 40
1638 1287
785 1093
1115 202
1224 831
1047 315
1289 1730
1444 1479
313 969
1947 679
1856 132
179 1144
899 21
800 200
1626 1839
1504 1442
1472 3
1097 1437
62 167
1687 4
815 157
285 1403
522 1450
234 1299
1448 1582
1976 1981
582 682
1004 417
110 1589
1561 1958
1053 1626
3 938
285 1227
194 1668
56 1776
270 1296
1204 640
198 1090
702 1337
847 229
31 400
413 775
170 463
211 618
779 1382
324 572
384 1462
61 523
1175 668
1856 44
544 929
718 1780
70 1932
796 1443
1147 1808
200 1747
508 1879
705 435
761 1590
1291 135
1636 1823
485 1448
1259 1009
1469 238
1073 220
1100 1151
143 1280
1812 1261
1532 1351
1337 123
1831 660
612 1581
1528 204
350 1608
531 396
1189 425
585 1407
1688 456
282 1937
995 1639
1264 658
1427 1635
1329 1928
1542 978
1813 1513
1976 1305
1267 382
1344 399
1292 509
487 377
757 1881
981 1105
1254 49
1557 1966
576 1265
1775 598
937 1568
99 1476
509 461
1700 61
1515 1967
1968 1251
1791 247
1467 925
177 1912
51 220
1837 1467
1390 1470
975 901
1276 100
505 260
441 1199
454 367
4 1084
1042 991
1230 1946
297 783
14 1424
1210 923
464 1530
910 307
779 607
685 641
994 1792
657 712
1436 789
1534 1511
794 1553
194 1784
148 1617
1307 99
1782 1047
1388 1902
1120 1613
141 917
523 1811
267 827
1141 712
1585 1734
394 1523
1690 1774
761 1426
973 32
647 1648
1593 386
392 288
1326 586
947 1920
1403 1812
698 323
657 1323
940 1582
1907 219
1169 1520
644 491
70 1741
217 872
84 1115
680 1993
605 797
518 710
1211 1681
73 159
42 1412
0 1710
1934 878
1793 223
1957 1000
1323 1841
571 206
1140 621
1387 592
1780 1702
1031 329
1258 1403
1846 799
1451 867
218 698
1154 1445
153 117
259 862
1272 1512
139 1029
309 1884
1716 219
11 1532
71 1333
663 797
1029 1950
872 627
1269 44
768 482
869 1751
1700 452
1896 1217
1270 656
167 790
521 855
1273 316
428 1838
1681 847
1302 604
238 448
767 1433
526 1917
839 536
1476 124
1550 213
592 1336
1527 86
1818 1428
198 1421
916 347
1303 1025
589 1924
349 1982
965 1742
14 965
527 45
1561 285
586 1938
60 1583
1308 692
751 519
1853 1299
1630 795
219 1642
1675 305
337 391
1887 191
1144 437
1541 1608
1567 74
59 1124
1512 1094
281 580
1131 1829
1032 241
348 569
1989 905
265 102
402 1181
1048 1851
648 1265
1593 298
961 1289
1263 986
310 385
1996 423
1273 1923
1326 1762
1404 1646
1141 639
1360 241
1131 1297
1640 104
714 806
341 961
1293 1567
122 1058
1575 1764
349 630
1394 1780
525 1303
1192 338
103 1958
943 1113
1261 1459
279 1562
1669 987
1335 1298
292 730
437 1032
1420 369
272 1549
142 742
54 660
710 1709
1961 659
1171 1953
1407 1639
1788 1635
1819 1753
1647 1813
785 1831
386 1221
94 591
1088 927
1485 887
1017 1020
1406 1919
178 1
1981 1207
249 1070
1120 1563
1608 524
624 1402
1770 18
288 1760
189 1542
1091 589
1396 746
998 780
801 1654
731 1743
697 1899
1640 1039
47 500
518 92
528 1679
1179 111
1741 70
1527 1233
1780 658
154 1672
1113 1253
787 212
1922 358
88 1781
1248 1219
1882 1054
1218 1632
175 481
855 42
1705 1950
794 1222
49 560
1703 1574
1669 57
489 899
1194 1451
823 459
1350 1836
1193 33
1283 250
631 826
1030 1127
1025 1251
1464 516
1280 567
1090 181
195 1641
1111 244
1892 1148
700 1298
1026 1544
796 1498
719 1728
237 1869
1122 1945
1375 1503
1609 1816
1517 1720
1778 551
289 1040
223 263
321 1152
104 791
1376 1822
275 283
330 356
78 584
972 136
1987 1850
260 557
1363 854
1197 1664
1581 1340
1501 255
1588 1874
656 539
370 1067
1700 901
971 1735
466 787
1321 95
1803 833
1075 788
1933 107
1108 1654
990 501
1604 1163
1110 1302
1975 1506
1331 1890
1620 1179
1700 640
1551 405
1979 1708
1913 505
35 678
134 184
1871 845
1462 344
689 1229
41 677
252 1131
236 325
85 1112
819 1280
619 265
264 418
1985 1817
678 35
1596 834
1588 1899
1284 1078
1871 1909
1123 64
1293 1061
963 1900
1448 290
680 997
1446 595
354 97
614 560
1742 1021
1538 421
338 999
1622 1863
603 569
890 922
629 345
431 1877
757 1978
562 1390
586 769
1028 314
809 1489
421 875
511 1050
1769 144
570 1485
1397 635
1772 1072
708 29
984 1553
1238 461
1040 1055
260 1601
1935 382
762 1852
219 458
298 228
1424 1258
1378 1792
455 115
1535 1021
93 340
1937 75
1704 628
310 986
1617 1478
1141 1020
1946 335
872 440
1692 1015
638 1565
1434 1093
1600 1586
284 1159
1882 1994
1438 975
204 1692
36 723
523 1861
636 420
1854 38
40 922
1291 1940
220 1754
50 99
1429 747
1503 1656
800 1747
1755 1769
73 541
750 1468
1000 1102
1626 1648
1238 774
478 655
906 361
310 1728
128 201
766 1405
795 1312
105 381
263 1983
35 1876
1412 388
104 1133
769 268
1661 1295
1731 1670
1644 538
191 804
477 1505
435 1149
322 1319
1199 619
410 941
1085 157
1123 1194
1707 1643
1766 1385
954 352
762 1168
723 761
1636 580
247 307
49 1807
1921 1465
722 1464
840 313
55 806
858 854
1785 1328
1649 1369
422 913
378 1833
593 1348
1607 1266
1600 1602
598 1735
577 1787
101 254
1341 32
83 609
584 649
1084 1182
1076 998
727 393
1512 1500
494 135
198 564
102 1946
1241 312
68 1918
214 82
59 768
718 1154
853 1583
1085 830
775 639
1318 1727
57 1633
1066 1198
1678 147
784 1992
1954 791
181 794
1373 1588
373 1904
14 1742
1481 630
826 1228
1990 1876
1864 487
328 1401
1205 60
968 1223
119 383
540 1274
1231 1594
1187 1948
1155 754
449 1869
534 982
1836 727
1250 851
1999 1711
614 1750
984 263
1855 1741
495 685
1823 996
1604 1672
314 256
1329 1958
1178 527
1639 68
1433 15
1794 502
1332 534
501 1206
1029 1057
1422 1866
315 1862
1927 1576
219 164
159 1171
1572 919
0 1147
1441 328
861 1115
1671 1888
410 1381
817 128
484 948
1037 291
552 324
1890 541
1074 707
802 422
1368 1526
1529 264
350 1327
1705 975
392 1898
555 716
726 580
1171 493
553 1273
1219 839
292 1895
1690 1075
1773 551
1415 371
949 495
679 1290
1491 1992
1181 547
331 1974
1600 1365
519 254
1564 1871
302 789
1878 209
486 209
1585 1322
210 37
888 1053
265 940
133 1121
64 481
1530 417
1737 199
1213 704
890 133
44 782
566 953
583 1770
138 1254
496 1105
224 97
1274 756
1973 1852
929 897
59 1293
1390 748
1872 1953
1837 592
1327 1039
640 452
1978 1174
1207 1197
1830 1103
985 984
817 868
657 215
216 1395
258 1969
1288 1881
1007 601
1856 102
58 103
681 1810
1376 706
888 1912
1692 1752
1579 923
169 103
128 1695
606 728
1557 318
1429 182
1668 610
1486 1482
1110 108
637 1585
301 1955
740 1459
1225 464
1856 526
172 1480
279 1023
1421 1346
1869 647
1919 1800
703 898
687 1617
1387 1984
627 1853
1165 437
257 1114
1605 532
708 620
452 48
221 605
828 1926
1618 1698
517 975
1531 894
3 1508
1628 553
1332 1322
1769 1761
1356 861
1370 1244
56 883
1806 670
1728 232
868 178
549 1164
387 1229
1666 1935
760 269
950 1718
757 1783
221 299
1935 866
738 1737
8 1781
838 259
170 873
809 1161
1515 829
1850 458
1310 993
1454 284
1917 1745
603 1973
1195 1968
603 1383
1356 156
1005 1635
1625 240
44 1856
1827 1996
1875 343
649 151
1335 904
1664 1672
563 1220
356 1769
1625 923
76 1398
539 1270
1976 1235
387 987
890 155
924 1251
145 75
721 198
24 750
833 1442
1629 1680
1421 339
1544 455
180 479
1430 614
237 658
267 99
1263 917
959 434
813 290
30 680
343 369
1039 1521
405 872
1676 1517
507 556
443 741
462 590
1113 1954
676 962
574 1328
269 208
1171 1048
1146 1325
1302 164
1860 576
104 1277
1412 958
1410 1264
456 1951
1018 1104
964 1911
1557 1143
528 729
1288 690
1155 882
1081 1532
1948 19
486 60
193 795
1345 1494
172 975
1391 738
410 511
600 1876
874 1912
1840 269
87 597
717 477
333 710
1378 994
1250 984
867 1997
359 231
339 1755
1182 1880
1176 735
931 558
953 1580
613 914
280 491
41 1181
883 1581
1891 947
1968 1314
1785 545
816 1901
125 1304
887 738
1902 1207
1101 189
333 997
535 507
430 1134
1763 446
1193 1304
635 1352
1225 1383
747 1173
1485 1616
1969 561
150 1592
243 1334
990 1235
1504 1336
1224 1485
797 663
1483 993
66 1487
91 1903
1766 378
429 1873
410 16
693 1740
1880 322
1932 549
1659 1651
1975 323
1573 1877
1606 515
1500 1081
1487 1610
1410 1786
637 534
1240 1811
362 892
1605 1541
1556 1374
1297 176
1654 726
174 450
691 252
1099 418
1383 544
1641 570
37 1441
647 1520
1032 455
947 968
66 1451
1320 1675
682 1255
1907 703
50 1995
898 512
1053 225
1104 277
1446 1516
1402 1206
954 268
1245 586
658 873
412 490
325 1535
777 600
883 573
