500 50 2056
98 192 459 123 365 179 70 494 151 489 84 29 49 458 97 463 93 441 15 345 480 296 474 178 491 30 426 204 10 394 309 477 164 221 444 146 168 154 422 401 490 329 135 362 219 212 11 353 13 156
121 126
378 392
327 30
306 289
463 366
410 405
460 344
178 33
26 264
293 188
231 363
97 61
100 267
54 141
359 477
2 411
227 344
298 456
129 12
82 117
112 311
225 220
36 171
80 280
27 128
267 167
331 177
101 250
418 339
247 431
456 11
307 69
429 430
87 100
111 411
493 158
353 163
99 211
479 264
483 65
497 18
477 270
130 352
308 374
106 1
191 186
358 154
152 256
348 468
56 157
2 111
316 300
145 180
225 370
274 252
193 488
413 368
372 352
143 374
484 103
184 427
412 411
0 24
377 41
141 71
174 125
401 485
144 76
353 376
155 474
135 265
414 383
268 198
323 227
227 262
167 43
232 431
379 134
470 381
171 349
276 261
85 36
470 370
172 484
345 160
386 59
291 217
147 428
361 315
281 47
421 233
419 298
166 253
257 215
394 189
276 113
439 203
112 68
123 381
49 474
282 286
203 417
484 358
397 343
58 227
34 75
295 435
248 29
294 329
19 148
169 311
86 316
80 44
483 461
88 167
261 474
45 311
363 388
498 408
299 440
495 302
307 213
283 274
246 60
14 322
493 16
394 160
410 414
173 321
182 489
360 475
383 91
433 128
171 55
347 281
458 131
387 215
23 360
260 325
354 192
487 347
76 460
44 268
10 8
365 69
296 155
309 413
390 346
286 124
237 3
391 48
174 384
246 469
417 493
239 18
25 175
289 343
284 17
6 32
447 315
63 50
288 63
495 393
325 260
276 344
222 54
186 155
401 52
453 45
236 165
371 445
399 348
458 66
480 389
496 272
437 358
3 389
74 394
443 287
7 14
22 222
317 295
83 105
32 20
366 320
472 303
445 108
21 18
187 88
311 285
335 438
87 481
98 335
155 270
308 79
488 245
298 196
426 272
87 280
151 390
395 372
51 420
171 379
118 417
78 487
173 152
75 135
264 279
300 406
468 170
298 103
31 239
436 264
48 143
181 220
61 141
423 342
325 266
320 463
65 357
463 141
350 10
51 441
147 362
473 495
324 142
104 383
121 161
310 350
78 492
447 108
255 408
221 16
425 160
344 246
240 46
327 366
87 334
205 66
254 213
66 222
126 70
389 448
176 130
387 458
295 361
178 222
295 18
113 465
426 356
300 351
41 484
6 272
308 136
112 337
86 236
390 275
213 316
71 331
432 234
273 319
304 57
413 133
213 254
485 253
175 193
215 349
270 368
251 152
54 316
32 154
357 64
468 312
49 387
200 87
65 67
326 447
277 27
203 493
409 353
250 128
373 296
292 97
11 271
315 386
398 145
423 115
334 167
47 223
222 263
429 440
250 55
236 434
11 177
344 349
467 186
379 113
151 429
320 51
256 261
170 188
376 12
196 136
400 97
223 304
418 101
71 279
259 453
356 107
113 474
118 67
389 3
54 22
436 280
71 43
480 173
56 161
71 235
4 336
61 264
85 201
452 143
413 247
242 395
5 497
370 412
448 490
490 57
184 92
39 8
234 401
286 60
312 170
152 108
98 443
438 237
75 385
177 129
32 204
261 247
479 330
345 275
335 447
411 121
184 328
7 175
444 72
133 265
483 329
383 100
229 107
78 423
309 3
391 43
465 53
36 474
54 109
369 225
276 296
242 306
316 451
379 246
185 350
30 481
198 137
491 54
495 422
418 262
336 415
225 400
493 476
128 55
53 424
480 232
117 94
444 96
224 292
341 324
238 438
103 343
469 64
411 81
420 310
74 302
117 68
53 140
148 147
55 344
294 281
97 122
382 400
45 1
258 217
362 209
313 156
25 116
483 282
348 218
425 394
90 444
303 159
240 187
311 196
229 136
342 309
481 71
265 449
10 350
405 436
262 460
416 75
451 406
365 405
260 302
248 128
476 319
374 271
195 44
52 288
345 99
356 39
122 491
111 220
454 275
90 351
104 80
362 117
465 491
362 96
164 493
352 188
178 86
447 467
333 29
268 363
5 139
330 37
128 215
48 260
430 216
86 222
201 460
92 320
102 404
215 292
393 125
281 34
385 415
8 207
400 381
137 473
330 496
405 179
185 391
326 108
205 320
197 137
461 64
376 127
319 147
354 335
288 156
23 421
131 73
330 109
484 422
83 207
83 244
389 431
404 403
403 70
192 186
56 179
494 95
337 312
357 60
297 161
493 362
91 167
334 89
227 201
4 135
193 43
7 268
119 451
206 50
293 72
186 76
15 137
317 443
42 266
241 209
194 473
439 263
192 277
367 192
488 32
494 14
321 389
59 389
10 394
301 255
211 230
324 128
199 244
377 481
302 127
271 442
390 498
327 37
74 422
314 349
2 131
207 313
406 130
378 369
35 218
487 223
46 114
499 486
388 384
241 396
201 165
258 215
9 113
482 422
260 127
352 293
381 314
473 325
149 262
38 19
184 479
271 207
185 41
163 199
368 359
180 68
387 292
459 181
47 286
193 466
156 313
123 69
463 330
153 320
134 474
82 348
146 406
134 469
130 406
238 447
427 327
378 324
186 227
334 332
203 158
284 478
65 4
450 130
389 487
238 58
407 496
253 0
95 299
24 475
62 353
264 109
355 430
307 56
447 335
315 486
25 200
106 196
151 310
19 82
309 359
102 365
446 240
316 222
334 93
109 264
402 346
333 155
469 259
31 18
48 190
88 420
289 172
333 27
39 397
172 163
388 137
374 266
448 223
128 250
341 464
61 305
158 417
403 404
475 249
342 483
172 482
163 397
158 33
317 277
267 187
482 83
149 378
186 9
253 52
143 353
234 302
105 120
409 271
226 86
144 423
113 118
367 459
414 436
53 19
169 419
307 121
67 16
138 268
431 270
385 34
292 320
468 112
390 17
435 142
427 463
470 471
223 57
258 314
368 357
365 410
427 280
413 336
194 375
253 485
47 304
250 458
325 269
12 290
3 423
261 270
477 65
415 265
55 474
18 459
370 387
433 227
81 162
424 395
376 244
158 180
273 415
100 51
149 323
387 381
266 42
327 93
236 158
315 487
59 237
43 289
201 113
165 465
326 248
489 274
371 447
88 452
159 331
279 43
275 99
452 393
56 121
198 310
77 91
225 470
61 176
364 309
232 344
374 199
361 202
13 376
276 368
221 140
6 472
329 208
445 371
147 82
386 3
178 165
219 188
340 87
483 359
491 451
325 422
396 265
465 259
458 387
387 349
190 260
123 339
365 97
144 59
409 298
195 267
163 376
88 488
91 138
177 308
381 439
66 97
437 473
303 196
415 241
50 249
487 492
271 353
385 133
452 473
265 209
345 252
101 459
179 463
203 222
96 112
266 206
485 189
124 282
90 319
358 48
259 158
249 156
268 498
347 208
467 202
416 124
20 23
45 419
153 254
345 408
291 403
372 419
497 277
254 66
131 153
26 180
261 359
466 167
370 2
142 101
442 62
356 154
393 380
98 318
437 289
280 114
378 128
122 479
255 233
490 133
303 229
424 305
175 355
244 13
293 419
478 274
398 444
84 238
495 20
413 115
72 146
142 225
75 38
364 115
60 415
176 45
316 61
405 463
474 86
248 202
130 303
228 274
135 19
293 242
242 170
204 452
49 433
248 76
450 112
42 12
295 98
114 194
393 302
404 126
470 411
51 6
424 300
342 364
37 71
492 124
36 433
277 58
3 115
317 326
456 271
419 312
82 140
303 79
92 366
137 198
91 14
459 85
260 150
95 390
95 498
59 9
384 160
386 261
141 109
19 96
93 89
410 104
496 204
493 82
420 452
383 126
16 53
444 348
86 491
83 325
137 228
495 394
306 168
42 63
454 230
77 195
414 446
389 247
153 427
434 349
200 100
8 83
492 490
188 337
319 362
193 204
201 379
130 229
24 63
436 328
212 419
362 399
277 333
304 347
194 228
307 292
134 55
80 70
407 330
242 356
116 240
125 8
257 254
329 286
445 499
14 193
346 408
368 65
420 193
439 226
184 292
123 392
351 146
380 0
264 176
67 243
385 135
290 249
134 278
151 498
184 222
130 419
212 169
497 499
183 29
154 39
446 436
314 205
432 393
51 187
465 165
218 96
398 453
467 9
431 483
397 13
34 416
399 68
449 362
141 72
16 319
351 96
322 195
111 131
276 461
260 24
373 344
60 135
34 286
24 189
65 493
338 240
267 41
34 265
166 421
328 92
242 337
259 351
310 174
121 410
214 80
138 283
488 10
489 17
32 393
487 3
195 494
1 484
5 186
40 404
283 384
486 276
113 357
191 238
226 122
438 173
55 439
472 426
193 41
440 151
135 35
207 120
215 257
440 197
101 378
175 299
463 93
441 375
445 152
49 36
437 488
53 493
135 60
112 419
179 414
83 485
410 383
72 303
58 467
227 171
208 449
202 333
17 489
307 411
437 185
67 336
235 172
423 487
393 350
204 48
296 344
497 5
202 183
130 293
159 356
303 308
234 105
124 396
480 59
81 224
296 55
339 111
411 161
98 317
214 240
301 421
83 0
438 84
445 191
408 23
314 465
469 158
116 214
262 323
296 276
482 325
200 383
211 301
10 393
287 238
409 136
130 311
231 375
360 425
103 207
180 428
186 382
427 330
44 7
37 451
112 218
2 81
471 339
20 74
183 49
337 308
426 488
491 222
135 476
234 125
15 363
276 247
73 400
101 470
291 254
331 48
44 420
18 202
499 232
237 9
375 10
355 187
373 171
340 279
12 244
303 298
356 143
107 196
452 437
129 353
137 231
393 394
485 156
142 220
268 390
350 425
371 186
294 286
206 156
249 288
220 291
491 300
9 76
365 40
326 386
323 387
312 419
332 496
375 345
145 398
31 335
254 61
65 415
371 499
17 284
280 100
80 383
169 455
91 114
107 289
287 462
439 491
442 127
363 10
449 415
384 23
28 109
168 409
380 160
480 237
158 90
384 422
53 132
359 164
272 391
181 378
335 183
39 289
130 372
65 135
325 127
160 23
208 282
269 156
122 176
403 320
453 450
155 461
161 403
487 110
386 296
46 198
125 482
136 271
389 281
154 271
90 398
411 291
311 308
223 47
36 250
41 473
412 365
124 135
486 379
201 164
322 429
222 305
227 387
159 229
290 156
457 249
93 481
272 6
461 133
275 425
377 331
165 439
457 290
284 390
307 153
253 24
181 382
181 262
22 305
444 293
489 390
76 115
450 180
26 22
141 45
270 359
198 15
373 76
418 464
121 446
356 159
331 106
456 455
427 176
289 129
277 435
75 286
210 150
45 395
371 84
499 276
300 444
35 82
32 488
226 203
154 62
80 77
426 168
394 0
214 116
217 222
90 362
258 236
227 55
292 328
173 251
258 387
76 261
436 119
240 280
311 170
297 121
275 166
11 136
10 473
232 486
460 65
28 92
72 337
387 236
287 191
472 391
488 391
183 155
250 382
66 292
29 58
109 272
1 409
368 246
349 259
84 445
1 356
196 308
261 256
377 43
426 377
74 495
66 320
138 151
130 306
164 64
297 200
235 10
172 353
377 6
322 77
489 478
107 306
417 90
431 368
145 68
472 481
292 436
148 399
285 188
247 368
97 263
270 413
85 314
398 219
250 379
150 290
111 123
444 305
217 184
375 15
369 324
414 297
177 455
420 441
420 267
488 204
128 85
482 475
122 305
497 459
46 194
355 88
333 382
318 317
157 25
358 325
305 145
310 283
281 492
424 348
343 129
367 277
227 49
338 332
467 373
65 265
338 496
16 453
444 146
213 217
330 272
309 490
249 206
116 126
305 146
328 51
235 452
229 409
391 74
168 303
384 473
360 252
363 473
323 128
185 289
470 387
431 329
29 467
42 313
132 424
13 127
45 212
403 104
47 448
424 112
37 119
441 167
337 456
480 155
52 249
360 233
498 182
331 303
239 149
83 210
7 430
430 388
364 270
370 314
159 143
185 190
370 392
277 5
319 35
27 296
234 376
429 454
148 140
473 421
365 307
431 385
366 240
45 106
484 289
177 409
362 319
352 306
131 165
348 212
120 63
3 342
286 273
230 301
259 147
427 366
342 487
79 103
293 306
305 300
358 442
465 226
312 285
417 180
143 260
91 429
318 462
338 377
154 484
351 218
139 367
157 340
434 493
155 256
176 141
197 430
37 395
387 224
272 332
243 35
72 356
334 6
280 89
347 282
34 385
100 338
338 100
79 456
79 397
194 363
470 215
8 253
413 286
404 405
468 419
343 199
221 417
360 24
7 466
445 251
142 459
125 269
289 234
370 40
193 231
40 102
241 273
386 152
115 431
94 169
357 246
119 141
160 421
89 338
453 146
126 77
430 268
180 300
245 143
261 9
8 475
436 446
142 369
324 418
108 76
27 29
314 178
15 10
412 217
393 74
225 392
287 317
383 70
216 402
292 153
151 402
346 454
51 340
330 146
325 199
469 135
276 115
99 394
158 148
59 232
184 54
183 248
449 135
277 149
153 224
268 402
88 32
124 133
271 163
106 177
207 290
491 305
213 446
468 219
8 105
485 50
94 212
351 424
244 457
469 265
443 277
250 73
94 79
428 112
317 238
313 52
210 288
239 139
219 117
154 260
412 297
410 126
251 364
15 194
111 81
172 39
271 129
263 122
397 442
390 274
440 194
41 235
341 239
124 75
356 106
436 366
495 473
54 300
58 49
136 79
462 191
279 1
474 246
310 275
168 308
477 64
164 53
43 488
61 398
0 290
139 239
136 455
168 331
270 118
326 361
98 31
383 240
51 100
119 406
348 112
363 228
221 362
150 457
94 136
87 496
225 411
37 242
114 88
171 474
472 377
252 166
417 16
265 476
463 427
31 21
453 424
278 171
141 293
327 328
67 357
304 492
392 225
308 455
99 233
470 81
119 71
423 368
485 210
455 177
144 251
267 388
100 332
57 294
96 468
254 292
228 255
283 174
127 207
90 300
452 391
469 65
405 121
199 156
380 166
379 439
224 122
66 328
389 223
349 221
46 193
235 204
295 31
86 33
108 144
243 449
138 346
315 296
33 450
365 179
29 499
82 476
480 487
141 146
250 131
65 469
240 496
283 375
235 391
154 245
411 102
68 428
463 451
170 298
433 258
453 130
74 421
192 341
95 284
474 278
466 488
377 168
74 20
177 343
134 465
387 226
451 109
21 354
39 484
458 292
279 332
256 9
81 412
39 245
493 140
252 380
47 385
7 46
51 240
230 23
93 279
425 0
319 209
414 92
372 312
70 89
81 307
155 368
100 420
251 296
279 303
259 33
366 334
321 270
346 275
128 458
198 230
244 207
3 270
452 432
334 193
69 162
295 191
46 441
280 472
320 119
55 460
358 105
88 466
391 473
323 201
243 147
374 103
274 345
441 114
230 255
275 408
327 28
7 494
77 429
494 46
326 371
93 338
126 322
114 193
349 178
233 425
141 407
452 48
247 357
200 89
216 310
293 372
143 190
116 322
81 411
473 360
485 269
129 120
152 342
401 156
339 412
446 407
41 289
343 244
465 236
159 190
30 407
485 150
10 105
190 289
74 174
406 331
48 154
241 148
412 153
405 116
146 169
231 211
400 226
194 231
296 76
349 165
225 258
354 317
401 150
45 356
442 199
149 36
492 347
244 120
355 440
444 453
236 493
81 213
260 13
260 207
128 400
26 479
108 152
114 235
242 45
315 321
101 2
380 150
487 389
269 401
31 238
302 485
16 158
382 278
208 396
149 369
50 457
440 198
321 78
286 38
186 183
118 158
155 232
418 370
49 227
192 27
417 19
440 231
189 475
451 352
35 362
417 147
166 475
61 479
5 101
103 442
302 482
126 80
200 494
483 208
172 48
481 235
499 186
92 109
350 105
69 297
244 313
445 248
468 399
292 205
301 228
308 129
408 228
427 446
354 98
481 437
20 160
314 131
486 373
18 277
149 324
383 87
132 180
428 219
493 398
4 246
354 318
31 98
398 96
178 22
229 159
150 63
174 432
268 15
458 203
138 429
326 173
466 187
246 493
461 246
192 139
333 248
219 399
82 399
175 88
460 165
276 171
153 122
237 251
143 105
227 36
416 133
171 236
404 463
429 138
435 497
470 2
16 493
336 64
104 89
345 228
96 117
209 428
281 329
33 221
257 97
64 164
134 226
277 378
251 389
123 257
92 51
126 214
320 93
170 455
14 197
195 88
397 62
105 325
375 384
264 72
14 77
273 241
435 369
479 22
73 257
454 478
76 155
327 240
95 430
426 437
467 276
236 226
197 440
20 495
215 400
395 72
251 315
71 185
435 192
139 248
12 457
220 470
248 58
129 207
270 286
203 122
40 213
407 264
71 168
285 11
197 299
484 8
336 259
246 265
186 250
123 131
179 405
422 234
235 174
406 170
472 332
167 198
299 231
268 197
461 247
415 38
230 99
346 230
214 14
230 360
243 273
299 95
182 478
238 152
332 426
101 324
363 375
219 94
108 59
116 104
445 58
394 425
138 194
403 427
356 245
13 290
231 345
204 384
194 230
353 271
421 23
467 323
278 226
120 266
349 465
106 48
368 477
471 123
395 306
22 122
436 30
269 253
62 374
39 374
110 321
347 448
450 145
116 44
449 319
238 144
6 107
56 327
317 367
317 191
96 419
460 469
229 331
388 174
397 163
161 179
407 72
26 491
359 208
133 329
291 40
70 157
462 295
344 201
44 77
37 146
227 323
412 69
141 30
464 111
113 460
168 48
38 243
8 269
449 243
355 322
451 481
217 254
290 63
444 351
478 284
45 146
209 476
43 32
55 164
373 276
419 337
10 384
167 46
114 283
329 135
450 395
302 260
181 418
261 113
36 387
162 291
203 465
125 42
332 272
359 247
494 77
238 480
146 352
337 311
447 361
399 419
314 258
445 237
40 403
114 363
12 199
164 118
478 402
239 467
32 41
3 281
464 149
392 458
237 480
186 29
265 243
97 254
132 417
321 347
199 12
127 156
218 312
127 244
263 451
224 205
2 471
469 118
215 131
475 210
472 6
28 446
158 424
440 284
170 419
12 288
331 484
263 453
141 496
66 479
151 284
479 424
375 211
247 336
90 259
425 380
275 274
140 19
137 15
89 167
355 494
250 258
244 376
459 323
427 451
381 400
150 401
27 262
179 56
216 95
73 203
137 301
484 325
159 303
108 296
451 119
86 122
356 136
109 141
105 42
200 157
272 235
315 251
210 253
75 415
190 234
334 100
339 458
242 352
454 498
148 209
213 491
5 467
354 277
438 361
337 94
193 32
14 7
316 22
361 326
382 262
380 485
244 249
122 26
118 469
217 66
30 264
137 345
