1001 143 5188
173 386 84 670 207 900 146 215 111 200 10 506 265 887 528 222 750 495 574 929 724 770 806 761 868 939 936 718 855 737 388 930 206 179 303 781 249 952 872 32 214 80 359 28 193 366 212 656 945 446 740 682 417 310 788 896 54 699 636 360 768 85 599 394 764 89 726 713 148 865 345 399 473 416 410 237 407 987 17 902 56 709 414 128 993 285 58 82 892 288 67 790 309 894 777 646 886 617 71 1 786 318 635 507 182 219 873 154 753 710 991 938 687 878 581 243 340 981 77 181 94 337 444 882 100 977 958 107 694 133 668 319 579 266 720 499 821 611 518 251 811 941 638
916 739
298 330
301 99
525 373
198 464
224 64
141 196
554 996
16 920
539 396
13 689
339 430
298 245
403 529
449 964
656 630
527 260
73 547
316 863
170 888
313 885
647 303
297 717
949 480
471 243
815 765
286 483
423 542
46 776
900 126
175 538
936 32
994 905
12 558
358 796
754 33
799 963
652 118
703 282
994 619
219 142
715 40
236 93
625 436
339 264
426 36
457 668
962 787
126 296
23 876
66 991
428 186
978 389
947 330
245 80
132 995
988 897
6 39
981 384
811 270
938 423
15 391
438 185
605 427
848 501
846 621
136 339
490 167
179 396
421 891
601 309
184 29
254 129
694 189
210 841
386 185
815 554
896 217
186 14
51 320
72 527
836 683
161 975
285 527
896 861
484 32
702 100
193 816
830 493
582 761
133 638
784 976
695 639
975 388
17 347
639 46
899 685
471 639
823 896
476 665
938 393
143 476
896 986
636 785
579 504
948 930
609 382
265 425
42 621
157 440
600 750
936 271
295 242
727 525
512 917
955 5
292 46
505 819
547 446
406 351
876 794
273 802
728 201
958 174
206 210
550 475
936 979
276 728
870 140
229 138
475 742
781 404
237 307
617 605
47 78
116 344
561 639
6 270
857 710
990 480
457 575
47 185
408 977
370 337
688 131
875 307
555 697
591 993
937 648
262 255
504 579
409 134
470 88
211 450
354 886
442 733
255 202
788 861
84 670
873 136
795 112
308 551
102 476
283 195
414 155
953 902
334 350
646 753
138 184
23 724
761 81
216 892
259 132
719 331
391 577
452 55
433 715
557 350
588 529
100 348
326 623
954 966
822 937
61 269
816 283
431 558
743 402
297 503
432 334
366 586
48 18
193 934
485 624
532 505
100 949
612 60
948 669
967 67
636 229
332 592
42 901
192 968
259 780
809 483
710 444
103 591
50 53
434 519
100 98
614 302
669 937
158 358
772 967
997 507
772 942
195 132
421 960
454 253
240 750
528 718
495 608
662 38
149 131
205 683
689 76
405 117
259 51
584 764
85 177
764 351
141 117
565 538
855 245
292 454
572 933
704 931
625 514
743 682
341 378
87 985
3 621
743 774
298 452
944 750
71 427
656 377
158 765
339 762
430 444
16 506
299 428
55 8
6 800
541 478
946 906
783 101
633 606
342 802
614 718
653 385
94 339
621 270
371 638
578 412
125 412
14 744
901 270
969 994
932 366
425 907
400 155
660 617
871 566
48 986
793 879
823 148
109 650
537 909
599 661
381 145
316 112
864 993
594 666
292 107
399 864
722 380
652 88
7 698
603 450
903 508
745 488
311 707
709 564
247 809
671 689
278 536
606 697
819 417
295 850
203 812
229 703
836 919
355 123
726 119
843 84
52 661
717 993
703 328
732 840
896 113
249 889
744 227
995 399
924 393
581 658
78 65
529 425
367 77
603 387
418 185
258 775
349 582
156 884
874 158
662 534
3 846
868 526
976 480
313 305
524 321
530 540
738 998
493 933
509 604
653 704
541 356
464 594
807 294
141 831
470 309
575 540
843 884
259 25
593 7
356 698
192 203
489 517
513 980
590 934
746 937
922 504
580 257
903 640
719 701
462 608
791 589
569 478
87 379
540 738
732 295
948 293
508 743
355 348
790 311
975 608
432 272
488 796
512 290
305 727
300 805
188 38
57 903
989 714
373 50
139 494
757 107
314 974
489 864
903 972
538 223
242 913
375 457
930 18
289 375
614 979
331 653
898 565
190 499
728 123
203 241
276 968
751 374
977 291
93 811
304 832
408 201
36 913
51 633
328 324
282 890
470 116
318 635
383 945
899 766
272 557
277 987
426 840
644 746
471 454
885 525
536 838
420 21
555 980
396 131
560 653
494 163
964 182
273 438
42 107
751 286
690 897
531 544
840 252
506 40
75 634
567 697
658 107
458 727
401 122
185 654
736 925
58 544
744 510
284 611
759 621
830 59
279 596
64 635
826 542
936 618
78 620
240 315
767 713
960 359
360 496
567 165
873 922
268 697
62 393
698 61
109 901
743 406
48 54
886 966
142 492
927 725
61 393
571 555
241 826
347 267
387 603
441 793
158 106
65 758
724 151
736 229
365 461
622 539
982 808
886 698
415 26
115 828
795 601
713 335
605 248
640 53
510 227
682 395
171 903
525 369
506 70
284 546
766 181
780 496
348 684
248 427
606 603
776 667
567 446
129 91
85 659
662 223
506 57
925 769
137 323
646 155
455 775
948 23
391 675
261 919
821 98
905 72
962 353
705 114
494 983
734 910
691 314
519 904
687 203
409 556
275 981
191 737
425 893
526 99
879 154
275 927
956 675
627 995
471 109
879 629
842 814
310 198
722 219
0 111
525 952
191 161
211 327
166 333
303 678
48 353
351 543
484 163
534 243
809 940
264 266
882 990
616 839
670 750
256 328
997 340
970 670
178 683
619 905
35 499
701 21
978 893
68 565
172 185
180 656
591 703
687 321
401 335
505 926
619 473
888 170
137 545
631 929
451 855
542 14
549 165
345 415
73 404
5 718
674 770
807 626
657 588
976 566
282 324
682 406
57 171
272 793
69 119
374 962
735 53
11 198
591 256
26 517
30 283
380 509
195 244
449 347
707 664
414 343
128 886
874 592
89 196
596 401
964 88
504 341
134 508
888 690
450 1
698 710
453 679
576 611
76 19
603 72
477 239
554 590
17 199
201 610
325 330
154 593
426 693
366 25
626 877
928 722
338 144
772 552
88 118
384 275
217 560
882 976
226 150
60 800
712 736
247 483
799 669
891 362
417 532
76 313
199 596
996 739
440 296
10 305
612 811
948 440
835 102
720 101
14 775
807 308
709 951
196 726
695 602
744 236
780 513
288 233
946 583
669 809
420 787
51 627
638 20
970 481
366 212
613 718
163 412
438 386
453 740
179 75
765 815
870 42
351 357
796 317
31 917
245 11
841 159
716 267
540 771
869 622
651 968
661 9
716 790
652 45
432 707
722 873
945 202
512 9
804 157
1000 463
895 219
1000 234
146 390
254 163
863 153
452 169
924 299
644 23
128 857
107 174
52 108
57 526
640 681
103 399
202 585
470 219
860 960
341 152
724 539
324 282
991 535
318 87
914 829
831 713
951 467
734 28
482 564
962 849
166 0
96 732
132 633
95 556
464 645
303 383
304 152
956 896
344 755
899 509
684 258
284 576
370 753
744 379
325 881
446 858
374 787
704 660
590 261
629 354
70 868
789 30
495 815
549 808
113 943
558 589
586 932
362 788
984 907
610 491
879 385
848 428
630 945
483 145
482 498
322 943
254 983
637 457
375 832
128 138
678 75
597 412
869 151
118 879
126 23
920 443
296 23
329 910
91 835
280 888
699 934
485 93
804 263
40 389
987 942
805 13
737 975
982 177
215 104
395 764
470 334
407 512
727 373
9 829
732 773
822 520
537 67
337 96
621 862
885 945
939 425
554 986
600 947
889 134
608 48
561 507
758 158
161 452
534 162
832 152
787 699
526 872
782 485
315 495
854 457
538 581
696 700
370 295
267 568
114 592
165 697
561 471
906 599
951 354
422 20
789 442
753 96
124 698
525 50
643 449
991 616
862 39
94 266
77 530
853 204
439 42
142 965
630 513
838 231
754 540
139 578
817 626
430 252
208 735
593 295
928 398
139 271
692 426
113 21
869 220
24 410
111 300
780 503
489 128
891 665
128 124
92 711
549 404
69 550
91 11
524 408
262 779
933 829
737 577
654 718
183 705
522 755
883 810
792 506
70 888
710 356
725 579
710 269
571 814
214 835
822 963
979 847
918 527
666 787
335 707
22 438
163 926
885 262
161 750
362 666
204 834
782 123
164 315
4 230
189 422
84 411
301 50
389 888
160 900
188 565
246 983
186 518
857 124
130 770
239 441
572 68
205 463
218 938
94 762
657 433
741 204
463 763
286 930
4 552
678 607
502 473
699 733
587 515
135 59
547 903
109 162
683 736
606 842
862 825
530 504
502 935
934 919
293 317
110 694
120 761
208 40
296 519
392 158
816 259
144 197
248 260
596 742
140 227
629 646
390 799
27 123
702 871
7 921
229 447
111 147
14 379
981 755
464 767
940 283
215 869
577 413
245 983
958 379
560 849
168 926
282 427
397 36
894 350
108 290
600 983
43 589
665 767
363 979
824 209
847 451
362 594
603 642
927 319
639 695
660 327
622 151
874 632
158 948
210 876
799 622
815 374
80 421
201 977
140 757
24 490
316 902
826 534
158 592
404 165
230 914
52 679
330 246
491 977
934 712
824 987
330 298
819 310
691 340
143 21
589 43
533 973
249 301
102 645
185 578
935 633
239 400
418 194
838 777
323 550
929 296
78 881
981 828
678 513
676 68
449 742
79 360
815 751
73 525
207 352
93 624
960 788
770 810
497 719
282 62
342 382
928 267
334 879
295 96
803 209
9 824
258 957
559 903
705 900
78 798
350 509
880 961
315 160
836 563
266 365
920 680
540 378
931 447
13 436
52 858
121 49
323 923
553 565
407 4
682 584
293 193
161 15
497 148
694 941
959 587
291 14
710 448
94 337
429 763
272 231
714 20
526 134
399 326
214 926
193 195
344 725
952 95
666 353
8 729
634 377
398 854
340 43
218 393
940 180
947 246
137 926
8 874
728 455
92 209
349 313
444 882
657 761
963 372
721 901
555 768
855 332
593 356
915 727
147 950
183 392
304 754
613 185
500 629
8 815
492 873
141 464
717 473
7 784
618 417
948 445
907 690
748 198
939 897
58 531
166 104
781 458
791 721
930 286
70 170
167 493
63 628
41 50
465 226
150 469
800 714
381 696
417 545
742 311
792 208
920 582
281 392
753 732
943 701
0 104
673 629
603 814
918 867
86 974
197 294
785 623
611 98
306 514
341 540
39 989
906 661
981 668
303 514
601 652
500 385
20 714
9 959
819 89
495 488
548 566
248 605
425 897
715 999
54 712
106 874
670 240
605 702
730 835
914 230
254 5
455 759
24 918
787 234
351 406
63 805
544 839
489 124
921 784
984 526
591 994
137 226
723 938
678 688
485 775
341 365
605 524
189 60
708 895
424 843
487 674
477 56
393 423
44 8
364 686
675 413
76 13
762 551
350 536
622 220
341 749
814 531
374 734
508 556
363 718
256 842
902 432
569 617
716 895
251 93
166 300
620 222
490 177
281 452
886 26
377 779
903 952
559 529
531 450
838 154
184 605
522 289
336 146
227 251
532 168
489 886
749 504
79 636
210 520
521 617
751 608
699 836
969 619
419 844
113 564
270 800
107 825
184 34
443 81
757 3
920 10
854 828
736 627
725 94
714 422
677 325
772 829
625 305
72 848
548 949
675 28
272 838
465 505
673 467
587 314
735 134
336 0
97 135
187 167
43 714
895 637
827 571
746 869
973 184
869 63
905 842
350 707
197 94
709 777
690 584
222 245
865 683
307 552
337 692
603 531
573 582
244 502
419 281
951 414
732 190
976 100
156 955
47 22
44 207
58 90
958 3
489 925
218 702
198 322
470 311
84 246
533 248
889 946
556 92
33 575
381 607
318 538
751 48
692 444
190 693
8 388
87 3
5 271
153 902
702 321
22 654
709 686
227 624
349 262
965 706
446 599
751 445
257 60
624 236
954 124
56 709
285 924
907 972
92 395
950 73
301 508
347 652
229 256
953 598
290 959
220 151
68 318
387 97
542 241
794 483
620 855
623 969
266 252
175 581
922 152
287 832
807 437
306 607
35 448
834 542
697 177
945 373
77 575
138 703
499 783
949 186
88 470
172 718
517 569
713 497
733 704
235 9
927 706
950 443
403 715
930 261
739 560
669 151
5 451
257 422
80 362
823 739
724 130
31 911
630 567
827 842
321 423
412 748
127 684
194 382
184 521
892 538
592 554
248 938
533 62
178 736
168 923
161 191
14 3
180 212
497 122
986 916
924 524
765 374
735 409
40 984
64 175
670 844
286 794
449 895
4 543
760 692
541 295
700 781
724 841
415 864
267 142
495 765
928 708
432 309
965 604
839 491
661 553
366 636
719 217
401 598
759 251
781 262
240 161
267 722
345 733
566 968
153 596
889 50
939 888
443 680
511 328
941 270
704 138
679 858
284 852
513 377
814 58
72 82
341 579
820 319
751 815
281 183
655 997
142 873
13 805
364 793
110 791
841 75
330 855
298 600
315 392
293 794
841 306
815 734
54 1000
488 669
761 727
46 694
226 505
232 340
368 245
54 442
565 318
141 748
61 524
427 867
447 533
686 793
337 732
299 1
864 138
889 453
763 26
608 293
478 61
71 848
113 560
473 324
633 571
326 24
966 478
575 579
501 299
915 945
323 464
14 439
77 33
201 186
704 447
538 318
208 559
173 615
11 788
403 588
929 937
522 115
225 738
685 294
950 383
439 775
748 926
25 131
173 641
96 692
326 969
512 914
219 706
903 409
553 68
495 574
235 394
140 624
841 648
932 283
875 235
315 352
737 329
497 322
104 622
81 525
282 327
715 312
751 105
897 402
824 537
295 784
833 745
131 688
315 705
995 627
197 626
528 172
112 309
299 837
53 402
695 46
365 378
15 737
526 409
601 598
112 398
564 879
933 318
541 877
183 263
650 60
286 789
642 527
338 154
809 876
192 423
450 642
992 215
104 333
476 143
626 295
396 630
585 237
793 354
487 200
325 78
650 941
192 871
985 581
666 645
837 228
65 315
904 317
309 380
101 284
101 36
51 103
875 512
568 708
376 884
916 353
890 924
183 900
0 63
693 821
817 266
775 621
424 970
396 149
354 343
481 392
725 341
135 9
80 198
302 474
59 237
860 474
315 207
883 313
222 944
125 866
815 388
840 913
910 374
953 432
797 961
185 528
135 661
163 80
660 511
329 675
62 924
353 934
385 646
225 922
492 530
508 682
921 710
469 119
867 224
35 190
171 409
654 600
831 475
345 925
76 689
18 261
731 59
148 217
814 905
102 143
660 931
16 657
913 516
2 843
911 395
730 421
272 536
39 257
14 958
811 941
505 137
334 509
499 693
34 66
529 526
432 470
297 79
693 213
429 717
498 557
882 213
488 23
958 439
960 577
841 678
106 632
448 535
34 605
63 674
871 291
565 64
601 475
47 528
439 870
765 996
71 192
869 300
207 804
522 927
55 758
267 928
846 456
362 322
921 356
858 52
813 344
707 231
249 446
687 878
190 444
574 904
887 194
934 736
803 92
209 587
346 121
325 246
566 684
815 247
559 57
146 904
442 736
275 668
318 602
288 471
597 417
156 615
939 893
936 578
508 53
990 566
441 278
904 876
103 496
381 678
732 692
970 281
688 768
597 860
159 212
838 646
858 59
411 183
181 152
240 411
146 644
769 703
66 976
8 358
945 808
707 873
235 856
772 288
993 34
968 291
17 153
716 88
78 325
383 549
872 988
246 600
180 503
709 231
178 1000
551 96
855 730
668 457
389 170
34 890
467 354
450 527
927 344
360 268
64 223
505 89
114 874
784 882
606 827
469 150
496 360
15 765
579 266
787 54
401 742
528 578
558 86
707 557
886 478
756 231
280 425
908 406
31 307
766 817
288 967
880 797
224 538
620 451
870 744
101 499
128 26
206 283
766 749
159 180
940 780
232 253
217 1000
798 325
343 385
621 580
108 565
366 940
618 505
868 888
766 579
428 408
200 19
938 702
74 558
793 646
561 635
468 239
733 627
693 783
836 912
925 569
330 245
175 64
259 159
763 857
685 154
290 230
44 183
98 355
180 634
370 877
248 1
898 459
806 514
770 37
955 718
899 225
954 569
689 147
317 210
31 4
83 550
121 589
813 820
856 711
877 337
114 495
479 91
402 92
139 851
811 456
62 192
542 439
272 118
653 951
735 171
871 98
601 498
594 891
464 322
908 743
281 670
993 447
718 866
126 631
864 521
231 354
535 516
126 434
411 191
536 629
443 761
385 343
12 997
742 470
690 402
975 818
521 723
639 602
201 728
23 963
948 105
393 276
427 605
428 687
856 394
994 256
86 340
209 357
310 117
407 987
605 260
981 637
968 566
497 665
704 489
725 540
939 690
697 731
697 85
19 120
921 966
73 458
52 856
725 225
480 100
225 181
723 524
76 10
593 238
448 444
141 362
512 277
200 671
934 836
459 829
573 120
598 309
688 377
458 735
49 43
618 465
477 894
453 508
521 427
645 861
912 591
717 995
108 216
29 672
440 445
53 911
386 419
868 70
544 848
747 500
864 282
898 361
982 731
559 425
777 385
524 428
722 604
239 414
826 510
102 362
836 103
493 187
546 98
499 36
171 53
394 307
594 476
301 369
425 389
394 583
427 393
32 474
980 268
815 286
750 55
948 574
407 543
358 929
642 867
90 493
635 561
971 960
175 233
777 686
479 245
215 151
100 684
728 610
683 128
270 638
45 604
937 145
440 930
128 763
975 751
140 251
556 406
729 388
764 92
442 463
918 450
447 973
367 287
392 207
516 27
509 136
487 883
465 484
726 322
826 241
657 920
239 564
892 933
752 19
685 308
530 551
344 832
503 360
985 243
876 940
950 885
420 217
757 612
260 299
389 972
394 764
619 623
905 801
450 676
401 311
667 589
703 211
697 52
584 774
24 72
623 619
517 886
903 53
861 113
752 588
585 679
223 243
878 140
236 811
609 528
866 412
930 794
461 397
362 713
959 288
430 850
204 228
154 94
266 221
244 513
528 847
557 873
619 387
550 902
364 747
153 716
461 783
207 164
65 207
551 692
105 930
82 187
51 496
569 886
84 281
198 788
130 436
393 938
871 949
263 440
237 553
451 368
83 788
389 897
955 139
744 775
747 629
283 212
362 102
449 568
216 459
482 557
373 508
82 676
427 71
691 667
50 679
845 819
107 650
449 398
926 831
854 367
778 89
961 978
470 118
3 42
513 131
968 98
726 196
44 263
583 351
917 407
850 190
997 691
931 327
167 853
885 514
323 926
95 402
630 634
259 297
942 507
125 226
178 560
307 277
450 572
467 437
28 916
292 846
725 504
212 25
0 622
198 362
672 192
364 838
429 463
388 592
323 102
778 196
210 145
351 987
181 339
890 192
858 585
572 898
644 904
636 633
232 721
958 140
52 135
680 81
152 998
619 814
836 442
756 441
943 564
508 99
430 96
636 496
421 102
948 286
411 164
476 122
987 543
220 822
834 176
831 601
531 260
927 181
347 112
479 451
676 459
364 673
950 915
878 176
229 591
5 129
460 604
985 757
239 777
293 210
723 269
214 730
412 141
980 603
976 990
737 751
284 516
60 638
645 666
751 796
413 666
432 45
953 468
564 951
894 231
66 524
598 953
961 280
472 609
41 727
484 226
795 347
473 328
383 779
932 297
269 991
392 874
157 948
702 616
406 357
113 849
676 898
68 898
929 151
949 291
542 292
312 170
671 76
213 284
459 933
46 253
695 12
169 632
822 37
640 972
334 873
718 245
214 323
349 436
223 985
979 494
409 682
99 908
399 473
952 134
598 401
815 48
18 193
147 10
298 947
768 808
428 423
430 448
861 21
654 613
910 28
966 7
613 376
807 197
773 101
160 745
434 296
80 91
138 447
759 811
16 403
768 982
658 534
934 205
537 515
546 355
930 210
601 482
571 603
109 721
293 483
789 836
517 26
225 626
865 178
468 364
824 515
562 427
861 719
372 130
474 960
929 809
274 543
117 767
482 894
178 733
450 493
224 662
788 143
795 401
90 898
633 980
555 202
243 109
756 564
610 123
18 712
491 201
925 931
85 585
978 649
567 659
403 265
789 205
310 323
223 3
482 56
547 41
922 294
646 343
409 856
117 143
642 58
694 589
473 256
711 406
244 503
239 278
854 637
470 965
497 21
69 196
681 774
992 628
282 211
155 467
453 301
87 109
719 1000
932 212
933 552
215 963
503 935
506 208
222 451
650 901
246 620
412 310
612 580
645 217
380 755
971 451
682 402
739 699
302 618
616 192
138 327
393 192
483 317
56 350
590 699
925 128
871 355
39 371
283 932
446 740
269 882
772 67
809 206
719 234
871 27
892 68
118 793
701 719
230 537
200 950
984 988
773 840
156 609
889 740
976 821
897 681
394 9
174 901
45 492
791 189
207 900
154 308
768 980
746 151
387 177
214 960
912 229
118 509
991 882
400 951
480 728
694 253
526 53
542 870
367 457
139 979
196 601
189 20
854 375
685 437
975 815
648 678
136 626
154 541
996 48
622 372
713 56
960 835
542 658
14 846
639 561
868 952
658 581
393 871
166 822
696 75
602 233
221 266
922 94
629 124
473 905
504 266
65 281
853 224
973 617
744 624
366 244
248 393
896 21
622 724
7 478
478 356
997 314
943 234
75 306
784 990
45 142
316 795
454 901
942 12
632 105
407 230
681 872
760 593
836 79
462 737
38 658
248 62
27 355
818 388
437 295
762 430
491 744
0 300
433 649
394 711
825 612
636 935
122 756
818 169
664 338
514 915
53 134
890 248
651 976
955 271
298 479
168 141
400 747
361 985
207 874
208 952
106 592
358 904
250 694
79 320
696 262
963 220
481 452
856 235
556 908
662 581
446 95
983 91
546 576
238 753
701 178
900 833
568 367
975 462
84 881
151 520
965 813
80 102
557 272
799 876
965 116
948 486
789 590
175 985
630 377
205 345
578 718
430 773
965 219
255 945
493 90
853 741
52 875
517 533
724 520
435 313
820 341
852 516
219 927
515 942
472 342
19 588
950 436
271 855
673 343
440 286
993 324
531 82
802 342
336 126
719 21
137 168
452 737
112 449
975 675
380 492
915 458
634 567
705 8
636 103
877 461
563 320
615 156
775 93
855 971
965 460
150 119
948 799
530 626
313 806
861 148
657 10
610 744
290 4
200 13
204 538
791 941
389 681
103 717
877 840
125 505
846 42
983 960
653 673
823 719
882 949
358 488
942 655
66 672
673 385
81 582
502 606
815 105
110 340
231 777
680 727
281 161
925 124
355 684
867 853
260 228
951 747
874 608
145 520
904 799
231 308
704 864
703 660
542 176
543 942
752 920
725 181
723 651
865 331
314 507
688 255
129 960
411 944
79 627
325 84
9 914
881 65
740 584
912 627
119 196
519 296
299 867
973 991
239 756
660 285
363 5
933 898
292 985
574 486
740 908
756 879
982 599
999 880
195 366
419 620
383 781
174 650
723 61
478 190
755 725
292 223
965 380
770 303
273 418
167 676
126 336
292 3
626 732
726 601
598 470
510 759
905 450
475 482
324 511
271 214
935 619
197 437
751 388
108 553
836 429
560 951
556 803
57 640
968 977
813 575
775 227
860 926
548 663
585 856
774 682
604 664
574 440
545 153
652 272
677 22
391 645
771 998
39 422
390 631
990 651
765 293
334 231
920 792
388 293
252 773
964 790
217 239
249 640
99 508
901 253
111 674
204 175
640 872
651 990
125 137
68 914
279 795
628 487
489 415
738 749
186 728
586 912
801 830
22 84
763 660
525 640
898 772
979 125
218 480
672 269
797 888
157 929
68 538
183 352
943 239
742 894
842 642
579 540
806 443
786 204
294 94
0 215
482 272
283 912
817 339
677 47
279 316
173 472
977 455
287 820
660 184
698 29
804 126
166 937
428 878
229 627
659 808
530 922
253 257
825 580
777 793
62 616
868 529
645 943
401 477
544 228
900 352
998 378
361 662
438 84
782 518
522 854
952 681
572 167
937 647
311 557
90 82
865 1000
569 356
858 946
678 696
747 415
1000 331
119 596
109 558
456 825
798 947
843 677
156 382
839 321
707 509
651 566
416 97
232 667
720 426
382 609
17 112
827 387
525 595
205 836
196 953
391 896
54 849
659 946
30 934
276 611
492 181
784 190
249 50
661 108
950 514
565 959
149 779
734 374
800 371
533 29
684 576
625 950
400 385
71 938
144 593
66 882
716 964
997 86
353 331
9 307
235 917
522 706
833 157
904 151
660 211
775 612
806 349
22 386
142 604
224 878
184 71
665 497
150 89
816 195
171 735
8 751
111 805
190 35
322 143
158 751
385 629
111 372
388 796
686 807
721 346
223 232
884 298
334 272
102 413
307 512
670 164
868 735
486 904
820 579
555 982
820 304
889 53
129 412
280 972
559 40
658 109
1 299
557 686
669 296
978 280
660 328
362 645
72 544
519 822
702 566
27 485
193 590
625 582
283 180
608 751
713 113
619 328
65 161
631 23
276 871
589 714
289 668
374 28
95 774
200 752
207 263
387 58
559 888
283 636
124 517
752 443
950 582
92 824
632 388
745 126
232 46
664 766
765 796
608 632
631 519
733 769
617 521
396 496
655 340
722 116
279 153
716 432
920 16
319 540
57 208
489 138
627 619
328 527
741 38
37 647
125 618
893 681
427 938
508 583
521 533
615 376
74 507
438 424
122 498
79 935
347 928
237 216
582 57
109 243
641 2
798 240
402 682
620 947
316 449
863 112
259 366
177 108
808 830
357 987
909 507
477 364
126 390
912 935
476 335
431 667
222 983
191 750
931 521
154 817
331 865
508 740
640 508
871 276
134 774
883 37
466 359
473 814
108 661
12 655
257 6
863 601
773 461
510 958
726 143
777 879
205 733
816 205
575 749
225 762
21 178
477 709
161 729
774 351
95 508
657 506
958 757
214 421
79 717
760 921
661 565
896 645
492 604
288 552
679 108
43 49
607 656
223 292
672 535
45 77
822 151
514 595
411 44
60 39
116 873
772 914
107 379
268 768
765 930
713 21
756 838
648 244
91 198
424 438
436 73
785 633
791 694
873 766
959 909
462 751
352 434
174 862
463 128
533 723
604 154
23 929
760 7
979 32
804 146
581 292
181 749
436 915
562 617
216 108
991 61
349 625
781 915
106 486
10 19
18 940
410 731
325 844
795 643
382 139
233 635
668 319
138 533
788 896
785 256
665 217
202 165
370 541
331 178
182 267
87 174
601 596
865 747
483 366
40 526
463 627
447 138
317 539
294 266
532 417
468 477
199 863
363 614
760 238
769 517
24 801
297 785
416 58
791 270
235 711
742 118
739 986
997 74
808 659
274 515
643 432
572 90
510 846
350 879
206 794
378 242
973 521
571 980
486 23
727 547
266 264
586 25
842 490
353 916
276 949
313 120
464 497
863 279
613 847
385 517
455 957
869 628
644 434
573 752
196 117
833 440
485 518
370 238
11 730
546 821
855 91
949 27
30 789
418 609
666 943
240 65
93 825
418 887
39 189
832 738
80 594
218 408
172 254
97 830
581 757
204 361
105 247
380 77
991 66
330 971
844 750
179 520
526 171
627 320
48 734
835 960
370 7
637 854
321 878
500 646
703 931
417 69
494 847
630 549
382 418
218 321
40 70
777 646
496 785
273 609
827 697
442 563
736 489
732 242
874 440
407 552
700 915
746 63
616 968
873 492
354 124
206 876
159 785
367 522
81 41
775 580
325 670
725 530
398 182
238 760
673 646
356 672
241 176
153 449
986 836
726 475
978 312
784 36
216 307
474 163
101 397
384 457
776 859
861 413
810 313
2 677
970 600
412 214
90 228
238 732
110 253
514 73
366 780
643 652
279 790
343 629
814 527
779 945
535 990
141 310
352 804
246 971
397 693
51 995
604 725
296 151
816 193
882 535
944 161
30 699
703 184
220 37
959 230
366 159
145 648
325 970
104 220
832 754
248 924
627 326
81 57
290 357
327 72
195 780
727 369
876 195
696 688
643 790
26 954
864 211
152 378
278 756
107 612
452 462
144 807
468 122
182 219
498 477
689 806
369 599
210 809
857 921
763 138
102 666
387 918
829 772
269 938
791 250
133 589
869 937
210 539
424 419
46 250
197 685
30 366
362 413
992 300
408 826
284 213
981 813
369 373
189 39
146 434
826 744
98 957
805 436
208 389
911 4
751 293
360 502
123 518
9 543
797 265
539 678
757 456
741 837
985 107
128 925
90 741
608 374
304 579
221 461
952 640
179 648
767 943
801 97
210 586
643 112
275 637
778 119
790 716
468 334
3 456
888 897
527 867
277 67
613 578
320 660
855 462
219 45
10 582
65 164
157 574
585 946
239 686
419 78
64 361
566 871
277 942
871 611
285 511
440 574
64 639
179 780
143 56
239 536
705 44
530 152
258 518
308 626
988 681
518 782
614 125
558 776
126 146
253 650
749 341
119 550
257 20
541 593
289 828
720 913
924 71
848 741
482 707
689 349
563 463
314 12
623 285
17 795
185 600
126 519
792 40
596 88
482 350
453 585
567 889
959 561
363 955
345 995
168 323
444 990
624 621
439 757
27 576
910 353
960 594
925 993
252 36
192 524
136 530
234 463
230 288
34 562
789 940
835 80
664 460
847 479
209 537
698 444
740 556
448 570
557 118
652 116
150 831
192 321
554 910
555 85
199 953
930 445
370 921
830 490
108 135
336 992
897 908
965 873
339 96
392 263
454 243
136 181
828 668
15 332
195 79
30 586
264 771
200 147
362 143
970 84
305 120
874 388
253 791
418 139
627 473
15 818
53 394
536 685
180 502
376 613
242 426
896 54
586 132
886 857
212 396
130 678
645 353
229 619
705 352
153 279
342 273
861 420
768 606
767 217
361 87
937 724
311 432
94 626
446 53
769 660
817 294
591 717
458 952
89 316
706 725
942 967
836 463
469 778
570 101
1 786
4 357
720 693
77 136
270 257
748 102
105 206
376 330
252 693
439 251
158 488
837 64
599 237
226 845
23 794
85 410
233 232
236 612
410 216
155 753
796 105
850 651
373 52
268 202
322 767
928 568
807 94
855 11
478 448
367 637
962 178
428 201
337 426
317 809
192 276
25 785
50 446
431 859
143 701
758 495
778 863
160 488
718 983
505 532
22 325
193 586
348 258
818 15
865 500
514 255
57 425
240 452
970 947
716 398
963 648
603 905
361 538
568 45
310 168
218 276
366 103
773 397
79 633
357 67
734 787
960 11
120 443
133 346
976 213
583 875
966 269
482 441
739 178
996 962
536 777
793 231
141 726
755 706
85 165
79 503
421 391
107 621
258 93
879 536
926 362
844 55
68 175
928 895
322 217
641 802
963 810
748 83
44 804
118 231
490 135
545 117
472 156
247 796
173 424
45 664
463 563
249 547
918 72
151 145
557 838
134 409
744 140
754 820
523 813
195 103
543 277
766 94
115 820
67 515
437 370
464 713
727 889
274 967
796 286
837 38
850 570
581 162
557 231
884 620
622 963
464 666
165 982
313 383
171 690
62 890
850 499
519 206
870 107
162 232
586 297
941 989
160 358
39 941
952 984
93 227
704 124
947 944
289 287
847 254
901 791
187 188
215 220
736 463
36 783
840 720
556 711
256 324
468 707
846 174
635 110
203 428
830 216
553 188
441 838
3 580
851 847
320 591
420 701
271 578
868 171
409 583
931 184
769 26
758 452
653 155
214 310
294 339
453 134
433 999
265 893
790 928
285 211
408 839
214 866
956 466
165 85
639 691
9 987
668 287
771 720
132 79
348 611
284 127
89 119
218 968
208 57
573 792
189 714
478 570
916 787
460 899
291 958
910 816
459 38
1000 951
788 476
888 939
377 50
715 649
209 942
985 223
378 221
207 392
851 363
684 27
567 377
413 916
469 405
35 36
405 778
636 360
902 475
192 949
662 635
215 0
601 88
348 123
57 984
203 423
56 122
911 875
203 186
592 765
769 569
140 14
690 907
906 856
336 296
546 611
312 797
220 372
287 375
693 284
536 154
648 179
134 584
272 879
404 567
833 804
312 880
503 827
38 64
907 681
665 322
856 764
573 715
902 122
496 473
703 327
699 736
242 252
845 505
700 131
475 601
77 181
735 952
548 213
686 231
351 764
988 743
117 902
986 234
950 313
866 80
476 498
563 429
321 428
220 963
497 56
929 220
217 234
343 238
889 585
781 514
506 433
350 686
444 190
87 454
138 511
528 884
400 415
501 260
633 502
206 179
782 759
125 597
129 163
864 931
959 515
927 77
260 203
486 445
103 79
464 102
780 25
788 645
439 624
635 74
460 685
290 307
601 742
546 284
761 120
179 539
140 174
81 680
305 559
932 132
309 652
404 808
361 318
953 498
685 339
4 209
344 820
1000 563
1000 673
651 284
841 381
100 276
578 163
212 244
461 693
594 413
588 792
781 567
953 477
534 87
0 628
51 912
656 404
408 423
343 155
891 143
576 455
707 793
396 360
774 556
835 788
84 222
333 487
639 454
922 766
153 112
531 918
514 249
664 604
525 41
200 920
440 105
780 212
445 247
375 319
404 255
411 481
564 686
374 996
293 105
89 117
917 987
642 90
898 933
526 952
362 476
994 969
415 857
474 421
154 339
254 479
639 232
466 374
203 834
130 37
194 615
433 792
434 992
768 555
364 536
684 455
49 859
118 334
778 69
147 805
964 112
222 298
864 511
33 832
644 519
320 229
73 945
837 662
722 460
529 40
549 945
577 466
109 232
849 463
814 603
753 370
332 751
419 481
129 866
605 393
379 757
883 647
785 606
346 714
481 411
685 762
323 198
93 621
466 48
43 371
333 63
217 113
909 67
405 279
9 357
80 391
849 563
102 861
634 513
558 974
541 430
218 524
103 51
52 553
700 513
300 130
623 282
990 821
829 959
520 841
393 687
400 354
597 465
847 163
911 235
37 770
653 925
229 717
927 766
137 310
410 801
824 543
721 257
922 762
177 167
860 310
578 5
970 844
672 723
134 31
485 123
73 383
570 784
796 809
367 706
951 673
780 244
245 975
345 769
707 460
277 515
837 786
299 501
449 267
42 650
50 889
446 369
248 616
283 297
905 410
974 558
762 295
209 277
68 188
228 224
386 798
469 545
56 441
768 905
799 23
912 360
158 632
498 272
416 387
295 252
261 699
1 867
591 229
495 8
737 332
84 798
878 826
26 921
280 170
325 222
576 27
620 971
70 208
20 800
335 278
673 354
78 298
181 762
915 885
514 779
969 328
387 24
632 445
83 168
445 206
931 533
423 687
740 856
718 494
71 867
135 892
326 387
634 404
474 129
815 910
530 181
855 983
728 977
573 761
785 827
412 860
913 213
84 65
713 468
76 625
909 12
765 734
254 860
460 492
565 892
314 86
669 622
65 411
356 61
740 409
348 27
270 422
528 254
680 458
262 514
369 50
994 326
122 468
235 764
444 548
713 217
235 4
932 396
575 319
662 87
205 736
986 962
574 358
38 471
884 528
774 764
880 312
405 153
456 6
558 667
895 708
669 822
174 621
103 132
170 988
758 975
595 458
786 853
381 244
19 403
906 237
119 726
938 203
459 662
508 908
624 580
745 160
992 220
137 778
559 389
392 833
143 148
824 942
575 738
799 794
34 991
293 286
614 851
14 236
27 957
243 253
733 429
788 198
739 1000
849 560
219 873
268 85
634 656
546 348
298 161
234 653
983 855
174 42
191 944
837 741
8 158
832 504
963 145
828 287
545 89
425 681
675 896
216 553
776 133
597 129
106 114
244 159
656 549
446 409
988 690
520 648
112 708
146 746
459 68
278 414
16 761
152 341
572 853
632 608
510 174
816 30
372 810
66 616
944 818
201 455
199 716
953 742
423 610
477 557
412 83
638 422
364 231
903 526
765 554
255 697
669 317
659 202
276 98
94 692
948 796
187 228
487 111
657 120
9 4
277 824
716 449
488 296
530 94
361 658
479 737
481 315
175 223
847 368
147 806
472 194
139 32
948 296
868 640
185 718
380 460
481 750
468 564
268 24
644 669
158 495
191 169
109 110
368 332
640 984
439 140
986 787
685 817
766 540
458 595
827 165
279 964
610 485
773 720
928 367
300 333
604 873
256 603
447 660
805 200
516 213
717 623
145 696
764 543
779 549
895 398
505 545
881 947
393 702
205 563
105 18
525 453
842 24
729 632
949 276
329 374
856 4
436 305
90 224
986 331
813 181
205 442
927 922
814 731
157 286
688 634
41 525
63 13
582 595
508 911
15 815
891 713
180 244
605 299
173 2
179 145
373 740
665 468
519 151
692 190
204 176
584 803
474 730
608 734
500 400
503 768
307 274
508 394
29 651
254 866
255 808
769 925
227 580
656 768
393 949
658 162
668 115
442 103
335 482
218 949
274 67
130 810
434 23
326 511
37 696
432 894
259 244
50 95
337 242
227 759
401 475
4 407
46 454
585 216
609 654
408 491
552 942
908 711
7 444
18 699
562 533
382 851
655 667
849 683
420 645
405 863
684 957
69 199
616 393
396 633
641 273
97 216
207 745
56 335
317 520
265 880
145 678
489 703
66 29
367 828
944 158
596 953
776 974
347 432
56 557
124 569
92 987
504 221
147 436
324 327
219 899
352 440
960 362
729 765
999 403
236 624
631 869
475 401
190 783
99 402
992 822
338 370
419 240
929 904
566 291
911 803
448 101
912 132
154 807
195 932
434 799
225 579
240 392
785 360
594 143
223 109
79 229
129 926
51 360
913 397
295 692
162 721
352 745
527 450
395 406
67 12
334 707
113 1000
763 704
99 95
865 345
73 549
521 29
204 38
905 58
315 8
821 576
174 811
130 313
804 358
501 204
510 14
861 666
734 986
456 621
675 466
377 85
286 293
657 81
1000 429
663 976
512 357
545 150
833 160
402 351
384 375
1000 733
658 46
7 29
563 345
830 731
203 728
314 558
79 912
647 625
16 10
335 709
405 923
565 459
228 834
804 486
732 35
382 156
318 662
12 314
349 383
647 372
380 45
107 757
170 681
920 588
752 792
605 938
0 992
755 530
376 528
462 332
659 830
990 663
95 394
20 638
119 475
498 56
873 685
997 776
163 960
394 407
261 836
858 237
478 698
741 64
546 852
296 963
676 572
77 706
300 628
663 276
607 700
481 844
605 1
89 405
236 775
719 113
87 162
818 815
642 187
245 451
779 301
4 9
592 796
290 277
388 374
63 647
186 258
863 598
124 521
867 544
342 22
680 305
137 819
181 504
674 333
117 550
294 877
606 555
24 814
69 405
260 741
205 712
577 956
601 432
153 316
513 656
882 100
258 759
450 848
67 537
873 154
721 189
679 875
760 437
227 825
633 496
414 653
286 445
708 45
23 151
816 442
804 574
483 206
507 667
549 377
969 603
340 776
595 889
820 152
706 832
982 85
99 235
695 232
543 67
386 22
835 577
731 410
707 894
294 732
463 925
158 486
637 668
104 746
598 468
971 975
234 736
855 818
870 251
773 693
865 463
892 552
674 300
54 353
228 538
476 468
607 306
866 474
87 292
311 88
307 230
923 767
863 790
88 45
748 323
254 271
53 740
672 66
538 361
593 921
155 857
656 634
805 10
842 416
454 694
510 379
357 967
918 493
817 732
41 952
511 285
994 387
694 39
970 222
835 362
744 757
301 409
642 450
199 964
21 148
635 232
785 503
842 918
557 509
894 664
659 906
258 485
171 740
124 34
42 862
593 966
342 418
851 465
100 576
456 612
17 953
443 525
415 931
638 371
956 823
383 255
152 221
884 330
82 167
606 387
158 440
270 371
346 589
359 391
313 436
977 958
1 839
769 763
632 28
385 155
578 245
151 883
552 772
5 214
262 781
700 383
193 919
865 400
749 264
144 294
187 224
881 222
242 720
620 246
386 84
378 461
283 940
303 75
761 559
710 921
129 80
320 931
400 673
517 921
852 27
507 691
108 68
464 420
448 784
516 684
39 20
122 364
919 103
999 70
542 581
31 9
437 710
1 423
604 922
461 840
536 385
936 718
794 259
116 380
78 281
446 50
241 812
394 512
106 495
708 384
513 555
812 140
97 187
725 749
708 568
692 430
497 113
428 610
843 798
162 110
586 79
663 882
911 764
809 381
706 523
882 127
810 883
912 785
315 804
716 470
580 862
53 856
219 380
461 242
545 550
110 243
842 58
121 422
136 725
975 956
524 839
167 228
666 823
808 697
586 259
281 315
732 720
337 252
803 357
268 606
737 632
474 323
18 934
522 287
210 179
31 407
36 852
28 554
49 133
923 726
778 726
585 661
197 762
254 578
364 441
211 605
525 526
50 858
720 397
169 815
850 36
684 518
254 847
919 463
645 413
844 281
383 249
669 519
672 938
99 740
650 6
588 433
475 311
45 722
7 991
281 481
721 60
193 30
300 487
779 255
154 551
556 774
517 710
244 496
336 519
544 224
160 574
88 219
844 670
164 207
15 632
519 809
483 932
161 169
958 759
615 139
725 817
712 699
167 741
564 239
73 249
802 2
703 993
698 850
192 428
97 177
388 632
254 245
335 350
813 927
736 345
259 79
883 678
726 401
531 72
877 720
627 993
96 242
807 144
449 928
489 993
423 291
827 416
525 547
795 17
814 72
466 996
144 308
308 338
122 334
792 715
250 270
918 187
0 487
911 856
525 249
595 526
987 587
41 171
771 378
762 339
962 919
77 813
192 687
103 320
940 132
885 727
484 819
604 225
866 163
478 672
63 671
410 97
415 128
262 525
357 824
851 254
151 372
535 651
125 302
561 602
378 771
522 367
446 946
362 420
249 595
294 430
177 830
827 85
875 407
717 619
102 713
349 885
851 955
316 401
650 121
855 15
420 666
110 162
475 309
932 586
263 833
752 305
700 303
992 151
665 122
53 584
695 997
290 917
235 31
764 406
118 460
893 280
819 150
613 600
816 836
467 593
17 596
557 460
931 864
43 422
104 487
363 125
85 982
486 796
575 820
95 53
830 177
123 455
940 51
783 693
22 78
488 445
724 770
127 546
26 569
881 411
224 812
904 963
539 381
698 991
96 773
763 517
215 166
765 28
792 868
961 939
67 691
845 83
910 916
177 731
219 77
294 378
216 917
953 88
160 352
652 742
867 260
674 883
658 232
585 553
246 245
764 711
176 812
655 12
275 344
319 304
543 587
821 127
258 236
48 193
369 409
966 190
510 775
685 370
51 297
967 909
807 339
863 964
812 878
881 419
410 90
984 99
782 258
6 189
890 218
624 775
910 789
921 672
181 136
758 874
344 530
507 431
683 429
436 885
688 656
196 119
532 310
744 3
753 966
224 837
9 274
96 877
437 921
244 633
853 837
666 719
617 427
168 310
686 385
225 94
25 244
797 978
553 59
278 673
460 136
534 107
60 6
690 872
957 258
166 487
468 335
672 702
866 310
715 588
77 755
534 985
15 751
788 322
550 831
228 175
618 32
790 88
351 803
254 494
19 715
679 237
730 464
432 118
762 877
43 133
904 929
290 209
148 564
908 402
281 705
840 783
709 364
726 902
979 302
672 990
335 564
678 262
430 692
123 624
30 919
582 443
447 617
439 93
151 648
980 808
61 938
322 498
112 88
63 372
139 847
869 487
273 173
166 622
579 264
209 274
15 169
640 740
486 157
670 705
879 338
360 969
719 278
113 234
433 265
587 655
682 908
444 570
1000 653
573 680
958 93
675 996
551 817
396 780
307 914
489 769
261 193
704 993
612 825
722 509
720 461
930 876
335 272
709 400
60 20
437 238
677 613
739 916
470 742
355 27
151 841
492 664
826 834
599 679
987 274
980 982
119 902
132 636
275 755
212 633
671 752
544 867
750 169
160 948
563 683
416 801
594 420
722 755
626 266
64 602
882 821
433 403
21 331
513 606
95 31
573 305
287 33
972 681
701 217
853 64
476 713
463 415
955 847
700 306
377 301
415 124
729 495
959 635
342 615
322 497
926 141
250 6
666 148
951 155
973 890
874 729
368 983
588 961
980 555
110 232
960 891
752 506
881 246
891 464
741 176
980 659
332 169
646 760
518 759
750 161
561 691
474 91
129 214
174 107
583 235
373 446
964 895
563 489
979 614
175 292
491 610
4 829
513 149
235 307
637 287
329 359
32 597
701 239
613 884
548 480
216 68
712 345
315 164
175 87
493 565
563 415
139 936
16 305
599 52
679 906
976 548
110 974
686 777
528 376
696 303
759 580
291 610
111 76
807 551
301 740
587 909
524 218
938 408
434 126
544 786
649 265
535 480
745 263
530 762
508 856
428 321
216 898
449 88
32 214
256 969
906 216
54 331
180 131
798 620
454 109
47 970
917 357
399 229
488 948
701 234
234 683
355 782
68 662
414 769
718 855
514 262
151 622
560 234
948 358
580 811
606 416
178 429
422 989
181 817
853 318
467 517
65 44
559 526
278 653
912 79
444 651
213 684
949 576
967 537
460 530
943 849
549 85
742 334
752 680
62 218
271 412
393 321
452 191
332 765
414 673
930 796
720 783
885 781
753 760
577 329
619 842
667 558
574 293
706 530
897 690
583 307
80 960
327 285
287 304
626 294
794 586
365 771
237 68
466 329
682 764
296 669
608 105
894 460
123 93
436 435
945 377
692 840
919 205
231 646
786 826
901 43
465 32
706 922
299 260
685 753
411 750
947 245
927 754
586 180
374 910
259 396
282 450
190 976
709 673
709 278
631 336
730 91
891 788
356 784
711 274
359 329
588 57
477 118
574 286
900 488
721 250
591 627
724 810
738 152
223 46
813 136
190 36
563 736
187 82
819 405
996 193
915 377
947 479
95 743
6 638
498 278
520 179
557 777
390 929
442 934
169 462
350 557
69 150
843 424
849 736
437 732
567 85
911 9
386 438
984 53
84 970
604 509
522 384
177 553
275 115
2 641
819 69
522 344
703 285
239 709
822 145
662 318
779 697
545 726
754 319
955 614
70 640
110 721
637 77
67 587
458 369
311 116
308 541
750 818
370 710
971 479
787 986
867 204
377 165
955 32
831 923
984 690
27 258
26 34
241 223
602 695
798 481
590 816
758 169
347 643
292 110
817 337
618 597
10 120
19 657
891 413
925 415
438 677
778 550
328 211
766 530
960 464
27 455
269 192
550 601
444 850
797 893
595 446
25 502
590 18
174 846
297 591
529 559
636 995
672 61
648 396
153 347
831 117
671 435
19 573
56 468
566 576
369 52
547 984
377 255
262 41
109 250
844 411
81 559
755 344
427 616
304 820
494 578
84 620
104 869
694 257
849 865
467 569
148 719
966 29
325 947
208 425
915 547
902 470
946 599
660 282
614 32
131 827
172 600
522 457
435 436
416 603
264 365
842 72
117 475
21 560
234 560
497 217
95 908
675 374
160 644
301 373
551 339
302 484
679 216
837 318
526 735
673 414
945 779
782 624
901 650
394 92
959 695
120 57
521 973
10 573
968 576
568 219
284 821
819 532
974 431
528 271
457 289
476 943
38 602
389 988
736 683
779 659
809 841
330 451
831 550
500 414
859 133
472 382
625 435
755 927
533 617
32 125
265 961
843 970
275 384
650 791
789 712
780 396
430 426
483 841
910 787
360 935
869 992
31 856
