10 29 31
22 17
22 4
4 15
25 27
11 12
28 11
3 20
22 7
11 25
16 1
27 29
3 18
10 28
16 24
4 6
28 3
19 14
25 2
3 13
5 9
19 23
14 8
11 3
18 11
25 21
13 19
11 16
18 22
10 18
13 26
18 5
7 29
26 8
15 5
13 26
27 23
14 9
22 20
13 14
23 3
26 3
11 1
26 22
22 24
3 13
26 25
3 12
23 26
25 28
3 11
28 18
14 15
17 7
27 13
17 10
13 19
11 17
25 16
14 6
19 4
15 21
25 2
24 17
1 22
24 3
18 21
9 4
8 16
7 6
11 26
8 5
5 27
7 29
16 14
27 10
1 2
27 1
27 14
14 5
11 20
27 11
5 28
7 9
11 12
24 18
28 24
14 23
16 27
9 15
14 7
5 19
19 13
12 25
28 1
13 7
12 8
13 5
27 4
26 6
24 29
8 17
27 2
21 23
21 14
2 13
25 9
28 27
15 28
1 16
18 19
2 10
18 3
2 22
27 8
28 11
11 21
8 26
8 28
8 18
18 24
15 12
12 27
21 25
26 20
12 16
14 18
24 4
22 29
17 24
14 22
23 21
26 15
23 7
12 1
7 28
13 7
28 27
23 12
19 17
22 2
27 9
14 11
17 14
19 13
13 23
21 25
21 10
17 23
20 6
27 26
7 5
7 17
12 20
28 8
23 3
4 19
18 17
24 4
10 12
21 22
4 9
23 6
3 27
13 28
6 10
25 8
20 13
13 21
23 18
14 24
9 15
25 11
10 25
23 20
4 23
6 26
10 29
24 6
4 1
1 3
9 5
14 23
1 2
13 7
1 16
6 4
19 15
2 18
29 28
5 29
19 4
10 24
21 7
15 5
4 10
26 19
26 2
1 15
4 3
26 20
2 27
28 23
10 8
21 9
14 16
29 22
26 21
9 11
4 17
29 12
21 13
6 19
19 25
6 26
15 14
1 6
15 26
7 1
7 29
10 13
6 20
28 25
10 3
13 23
21 13
6 12
29 17
5 14
9 18
21 10
5 19
22 10
5 9
22 6
20 15
13 28
6 2
7 16
13 7
13 22
20 11
22 26
10 4
8 21
4 5
26 24
8 22
28 27
29 28
17 1
8 18
22 15
8 13
4 26
14 11
21 14
15 14
11 25
21 17
17 15
18 24
15 4
11 10
22 21
17 16
27 2
15 8
14 6
27 12
25 29
25 5
14 17
1 20
27 3
8 9
17 27
1 19
18 7
3 23
26 24
8 6
5 11
8 26
1 21
18 21
1 5
5 25
16 29
23 13
21 23
16 4
3 10
14 18
23 2
3 8
14 3
8 7
5 19
3 1
13 28
26 9
25 22
1 16
1 17
21 27
13 20
28 15
18 1
10 12
21 3
