20 294 297
85 15
17 152
226 214
115 113
78 48
257 268
263 189
182 147
226 28
146 61
8 141
135 292
125 142
217 120
127 56
72 77
127 33
16 208
109 236
78 167
294 65
274 64
208 11
72 42
155 106
255 45
129 47
131 89
175 285
155 228
283 107
145 10
274 206
129 139
220 195
115 158
217 230
101 37
231 174
226 6
281 159
155 218
97 178
75 119
115 143
279 291
201 3
217 54
136 282
207 80
152 117
196 51
273 243
149 68
139 19
129 154
185 52
61 76
240 104
72 163
291 201
227 172
109 71
131 110
61 290
255 93
208 20
8 136
138 29
94 85
257 184
191 279
8 134
103 249
115 264
164 271
5 256
3 194
227 127
288 39
279 128
139 229
125 199
26 192
291 108
101 155
227 115
37 260
26 267
199 177
185 12
39 273
245 144
201 224
159 2
28 57
294 284
39 138
39 226
145 242
257 263
103 197
95 17
194 235
291 26
220 101
154 190
199 196
207 111
135 53
8 286
97 62
72 185
24 291
146 217
146 98
191 182
196 198
205 102
155 69
12 231
75 118
65 1
254 146
255 36
194 164
125 257
85 186
221 60
78 150
75 105
204 283
65 259
221 153
132 130
160 35
205 83
90 203
294 25
103 240
182 18
12 13
156 16
194 262
90 70
154 173
26 8
162 248
254 253
284 75
101 276
149 168
65 200
251 40
156 94
103 81
135 244
289 193
191 204
272 156
139 63
154 280
177 66
289 210
217 140
254 133
80 270
227 100
217 49
78 180
37 4
90 14
243 99
145 161
245 73
288 79
97 211
131 265
288 293
234 165
24 279
185 129
136 188
289 30
78 74
3 125
226 41
273 122
182 209
155 9
142 137
284 274
146 255
273 123
273 245
156 43
79 55
257 91
231 170
101 126
79 241
14 216
274 87
226 162
5 88
24 191
8 227
224 205
145 179
281 34
135 202
12 160
177 238
162 176
194 207
24 201
127 222
1 252
272 23
26 90
191 251
201 191
128 124
196 59
263 46
177 151
37 261
141 97
182 294
208 250
136 78
100 148
81 289
3 233
129 278
289 7
209 221
90 258
221 149
245 112
95 219
177 169
152 116
80 183
127 67
185 213
221 131
175 277
128 220
263 212
199 109
152 175
146 31
288 187
109 181
207 82
162 44
251 50
37 121
16 32
108 103
196 269
139 287
291 72
235 157
284 135
39 86
149 223
101 145
231 247
156 171
138 21
149 92
224 246
231 22
138 5
125 275
201 95
90 281
175 96
243 38
207 232
135 266
61 84
272 254
221 239
177 58
291 272
5 215
61 27
279 288
175 114
37 225
103 234
205 237
3 132
162 166
79 100
191 137
249 111
113 32
71 106
236 65
140 248
90 48
292 59
13 154
288 246
155 239
211 6
169 76
227 29
67 135
259 165
234 83
69 81
245 38
288 171
95 37
4 129
233 18
11 39
72 160
288 225
95 34
286 52
17 214
95 133
114 245
271 253
139 95
231 16
211 159
164 237
92 4
281 31
288 244
128 268
174 49
164 255
54 146
233 200
230 44
85 211
140 122
2 89
130 280
266 278
109 50
190 8
92 43
247 232
190 243
218 139
111 189
231 151
67 56
130 275
89 220
281 140
281 101
222 21
200 64
162 30
53 203
101 254
52 105
247 54
266 2
54 86
234 107
11 91
169 131
271 25
71 198
174 117
2 288
168 190
170 80
159 293
159 10
105 251
286 114
222 45
92 26
102 193
69 14
6 205
102 226
292 33
184 240
140 22
114 219
53 176
292 212
247 116
51 19
180 175
141 7
152 252
111 5
184 128
79 132
245 166
11 170
117 70
168 247
117 156
113 207
53 184
231 77
217 41
53 110
94 24
111 168
170 262
217 224
71 61
141 66
148 141
4 241
2 152
5 270
79 163
200 213
286 218
249 195
170 290
195 177
218 52
51 238
47 201
141 257
111 93
5 121
286 249
11 292
201 126
168 174
199 202
275 104
72 53
13 172
62 23
105 164
43 182
71 183
247 97
108 78
195 236
116 127
227 119
219 124
266 55
105 231
113 112
142 130
218 51
108 259
52 114
117 84
211 222
17 11
8 138
170 123
200 60
237 67
219 87
222 150
190 197
201 187
90 210
201 234
271 235
109 204
22 196
174 162
108 215
169 82
89 272
112 169
174 229
6 42
201 58
17 27
89 103
234 134
233 155
245 85
148 271
130 3
222 192
4 178
23 143
43 284
152 261
52 180
52 72
69 273
221 281
148 279
67 181
180 157
69 179
110 230
117 118
3 79
271 9
22 20
210 260
85 108
266 102
91 294
91 15
283 36
128 153
249 218
8 99
92 276
69 267
141 287
102 74
116 223
139 264
13 194
77 1
201 71
180 113
4 63
281 75
227 69
169 216
200 167
13 208
152 242
91 256
114 249
231 12
231 90
128 125
112 217
112 57
148 13
72 17
54 136
140 186
164 98
79 28
180 269
85 149
236 148
109 145
11 291
6 73
245 47
170 161
26 46
199 109
31 265
148 185
130 209
13 35
217 289
94 68
8 147
91 188
238 199
113 233
43 277
105 96
43 173
221 266
218 221
130 191
174 158
278 88
230 206
114 62
288 144
89 263
109 274
164 92
159 282
141 250
221 120
112 228
221 283
168 115
164 227
102 94
94 285
222 258
52 142
199 40
153 174
265 30
179 58
24 217
112 188
186 116
245 234
126 84
71 200
235 273
282 66
171 244
112 190
86 97
288 129
65 266
282 167
245 142
230 205
280 201
76 225
265 68
230 249
272 163
192 75
244 275
208 89
272 103
208 115
222 218
135 61
93 203
183 278
70 106
268 191
235 41
289 139
52 159
13 67
71 251
52 170
117 261
236 213
280 292
192 253
22 212
48 32
257 102
289 250
201 186
198 138
52 104
27 85
178 49
182 74
81 131
222 233
6 211
201 178
265 125
49 291
213 7
183 82
290 141
117 194
230 274
143 133
283 83
38 293
211 276
221 59
62 279
211 123
49 277
13 18
48 282
183 187
230 52
175 24
280 153
290 19
206 165
80 151
126 184
112 33
175 235
128 27
268 99
93 135
181 57
288 263
24 216
48 270
198 10
65 284
257 42
213 50
183 281
88 126
101 56
126 40
292 113
211 181
178 175
62 246
11 44
111 91
18 229
133 265
202 70
135 69
111 147
6 280
80 110
243 236
126 121
14 286
264 120
206 224
6 51
179 128
234 207
182 161
48 237
38 267
202 3
224 36
110 20
86 199
101 238
49 45
9 128
143 78
179 22
183 148
81 28
110 154
111 46
224 87
65 117
9 6
168 171
27 214
81 269
131 119
231 242
57 14
128 168
223 193
250 107
291 43
52 114
182 79
243 219
112 172
291 258
79 272
255 227
208 13
198 109
242 53
250 80
57 54
255 100
171 283
222 177
143 230
66 294
178 47
131 145
24 21
231 130
174 88
268 95
224 254
198 137
192 26
250 90
77 37
77 287
257 169
135 255
13 245
201 29
206 72
13 195
71 262
58 157
24 134
11 231
192 35
171 252
80 204
77 63
13 164
290 31
290 185
208 143
71 73
79 101
211 98
79 71
175 62
9 280
62 285
11 223
71 260
49 25
80 290
243 226
192 15
242 122
291 118
264 16
288 210
282 222
128 208
62 259
57 38
65 92
51 93
274 256
135 257
161 55
288 182
131 176
88 127
27 48
171 240
32 77
77 156
178 221
231 39
205 241
255 228
274 60
280 179
257 209
112 108
22 136
235 197
153 158
143 150
128 289
32 94
231 4
206 144
206 86
110 162
88 1
124 198
9 179
224 215
14 8
143 264
161 23
276 34
11 146
27 196
128 6
276 155
38 132
24 152
210 206
255 105
243 202
70 220
289 243
101 166
161 76
70 5
57 180
44 12
179 288
181 271
157 189
274 160
80 112
51 232
181 81
135 183
32 111
274 173
171 124
32 2
266 149
292 268
264 192
181 65
65 140
201 11
272 96
255 248
117 64
117 239
86 247
222 17
274 77
245 6
225 109
108 55
270 216
289 23
55 224
276 122
214 54
277 143
132 104
121 160
289 114
228 1
55 139
129 2
26 241
178 107
254 284
55 291
139 94
12 58
273 236
172 60
184 19
139 272
100 205
132 16
98 30
106 9
87 70
195 227
114 259
184 250
242 4
66 73
246 135
278 89
176 125
166 53
201 63
189 126
70 225
264 182
130 105
33 237
245 13
195 18
121 190
177 45
114 203
143 265
155 42
26 119
273 262
129 59
231 133
264 33
99 37
221 7
285 178
189 128
11 79
11 179
116 258
163 98
203 274
259 283
235 68
87 289
264 83
278 213
58 204
209 101
132 142
12 200
275 233
177 34
214 80
288 87
221 287
98 186
235 243
88 238
18 212
132 130
5 96
148 293
254 127
203 218
289 285
23 230
239 159
221 193
209 146
143 149
172 25
204 74
155 211
188 8
246 11
248 145
275 175
69 280
245 103
264 131
87 180
242 244
140 210
114 137
237 44
62 254
149 208
37 279
19 198
100 81
98 183
292 191
62 275
69 38
278 253
275 64
116 112
66 15
176 20
288 172
5 110
33 196
248 72
195 84
60 195
232 273
188 22
106 214
62 76
114 270
254 165
16 71
129 102
60 217
97 246
231 86
198 14
85 194
273 29
248 24
18 51
254 161
180 3
11 292
200 78
158 261
97 184
204 235
12 240
172 116
3 152
292 43
228 174
228 111
129 222
33 201
154 257
163 207
273 134
231 282
176 239
139 115
11 69
140 47
278 263
178 138
285 26
5 147
203 232
87 12
198 50
56 61
209 151
246 281
106 154
276 268
195 192
106 271
19 41
184 267
82 231
85 166
204 91
189 219
85 129
241 170
239 156
172 87
259 260
248 65
60 264
268 28
155 66
163 106
255 124
255 171
23 228
232 158
51 164
166 10
97 21
194 17
158 150
201 31
143 278
70 255
177 140
289 88
231 92
121 181
277 276
227 52
201 118
259 176
204 121
121 35
163 188
221 113
241 62
62 248
277 48
106 252
200 85
69 168
69 249
12 57
277 294
140 49
245 32
198 266
149 167
66 123
188 5
288 285
203 155
30 157
288 289
69 169
98 100
70 163
248 93
232 189
176 141
242 187
155 185
88 108
62 120
235 40
254 144
264 177
33 242
194 75
143 90
259 148
129 247
149 197
189 269
172 97
260 256
214 290
116 173
242 202
30 286
285 172
11 245
56 67
195 39
184 99
37 136
100 27
56 220
275 117
194 46
60 36
146 226
189 251
131 56
140 199
158 206
132 82
214 162
204 153
166 215
25 132
140 234
139 229
201 95
276 221
292 223
200 209
116 277
3 210
187 184
115 293
159 155
151 202
130 10
292 170
247 102
225 255
49 61
71 260
225 144
51 180
125 59
175 233
126 172
141 48
180 55
51 130
194 20
271 211
204 54
29 131
203 93
29 98
126 60
145 229
154 107
56 45
148 134
127 289
154 290
30 262
154 173
226 169
71 62
132 166
259 182
195 16
213 111
234 252
122 141
118 185
142 272
61 125
234 38
142 39
167 159
292 177
225 171
68 42
56 122
166 110
265 78
150 26
110 73
110 88
188 278
118 181
68 217
203 15
111 228
36 200
35 6
184 133
254 166
250 191
22 219
29 286
181 112
204 17
145 12
69 94
253 68
72 9
184 190
182 275
142 82
118 271
279 158
145 257
167 151
130 193
36 247
142 282
81 208
80 85
259 258
115 135
61 100
54 220
292 226
253 194
10 31
283 269
125 126
187 128
9 64
203 276
108 153
242 117
6 176
184 139
27 152
151 80
63 203
196 267
279 95
30 146
115 105
159 288
247 67
184 237
214 207
247 199
188 231
27 37
253 225
22 186
115 36
35 97
68 7
44 162
250 96
49 57
66 245
145 246
137 265
188 253
54 148
130 2
271 30
137 285
208 121
27 47
68 138
118 8
187 154
184 235
44 291
170 3
27 109
288 143
81 142
166 292
188 137
181 5
167 29
111 174
49 240
150 70
273 32
9 248
150 99
6 50
9 83
29 283
177 273
196 91
11 250
129 280
54 268
69 92
13 74
63 27
35 230
292 56
5 119
141 127
273 256
196 201
154 243
155 104
111 160
146 28
68 114
204 63
137 19
283 147
150 106
169 213
141 198
167 156
279 4
259 25
141 13
35 209
194 179
254 292
56 118
80 223
49 263
44 21
132 71
260 35
279 164
182 44
213 77
6 14
5 116
242 178
22 218
283 241
242 270
265 281
10 227
52 205
74 58
278 101
271 236
288 87
254 56
195 69
181 216
187 242
11 18
194 136
254 132
74 168
170 188
141 161
195 232
182 234
273 40
155 244
126 189
271 66
132 175
18 261
214 266
74 157
242 249
195 167
293 129
71 120
137 33
187 239
73 149
61 11
73 187
63 52
225 238
181 81
125 22
45 259
288 89
45 212
81 34
23 124
159 24
150 123
126 163
27 284
35 196
177 264
166 214
271 113
233 215
279 53
71 204
132 195
182 150
125 140
29 108
111 222
250 165
159 76
80 1
196 79
234 103
56 49
130 84
5 279
151 41
61 90
234 287
51 183
170 51
170 86
226 274
161 75
250 43
242 224
74 251
181 72
51 23
11 221
182 192
52 197
213 294
45 115
56 132
283 46
81 145
129 277
52 65
265 206
223 33
149 214
59 294
127 278
276 263
65 217
211 60
43 221
211 179
194 181
141 225
141 59
123 174
246 10
13 40
32 14
58 283
53 196
250 230
3 138
156 205
16 239
191 169
213 275
177 261
206 5
196 8
149 289
90 279
101 189
265 86
191 228
99 92
43 134
206 52
80 242
150 236
16 96
127 288
129 165
8 276
149 237
90 148
162 223
9 82
139 104
66 172
58 241
53 186
65 250
162 254
224 32
202 161
50 35
139 42
16 226
9 15
115 211
251 258
123 184
224 123
119 209
13 195
182 63
230 215
128 182
246 270
143 191
24 51
91 139
25 256
174 89
128 34
111 185
91 108
100 231
65 166
152 264
159 127
184 151
19 167
25 95
141 250
49 252
246 112
294 144
66 68
166 53
174 212
201 202
139 88
8 97
91 245
191 69
201 244
139 19
184 265
127 173
213 44
101 46
123 150
194 159
228 66
17 74
166 217
31 232
224 100
211 152
32 36
50 203
129 61
79 37
215 280
238 140
215 249
8 290
276 106
60 124
90 2
108 1
184 132
24 12
31 54
215 157
99 204
159 271
101 247
164 238
128 222
164 121
88 73
250 91
60 208
83 207
66 170
233 116
59 80
19 99
180 149
66 292
156 176
83 49
43 27
276 131
17 234
59 162
202 3
207 235
156 25
160 64
65 141
119 110
162 153
141 20
238 7
3 98
280 213
294 128
30 103
229 62
160 178
9 188
217 141
213 274
115 102
251 48
243 287
276 200
25 4
30 113
58 269
250 143
294 180
294 78
152 67
13 117
225 262
164 71
180 13
215 253
202 193
139 260
50 240
174 129
30 28
160 293
16 26
19 210
255 22
99 285
108 243
16 105
83 272
230 115
260 160
108 286
166 194
162 164
31 259
184 79
60 175
11 192
9 120
273 29
8 31
164 227
30 142
24 90
119 158
211 145
201 155
229 266
191 273
217 255
246 85
265 284
45 24
3 43
271 17
88 30
194 136
11 76
108 111
206 47
280 199
31 84
20 126
149 56
288 198
184 38
249 11
78 72
225 50
111 233
49 125
8 16
91 130
128 81
217 197
152 257
271 251
180 9
156 246
150 268
59 248
197 41
17 77
194 87
49 107
152 39
251 216
250 201
174 101
156 114
58 282
119 183
265 219
115 137
30 75
265 277
60 163
230 281
127 154
250 166
149 18
255 187
19 58
169 55
202 83
60 146
177 168
229 57
217 224
177 6
150 291
88 190
182 218
108 133
251 94
3 119
196 93
153 171
31 23
251 122
150 206
90 21
136 156
211 229
210 220
191 135
99 109
271 177
41 147
182 70
20 45
201 267
49 118
262 214
105 252
95 274
173 277
112 294
116 106
87 238
225 7
57 178
87 244
38 137
252 191
204 259
122 143
43 293
173 181
57 189
201 215
227 86
132 225
4 231
157 55
128 60
102 168
112 133
102 37
271 203
95 282
55 134
200 174
55 83
127 51
4 241
258 284
292 116
278 140
116 41
104 291
213 228
294 186
225 227
131 276
277 95
108 98
278 44
49 150
221 71
129 250
12 205
79 18
100 176
102 256
262 93
258 120
19 135
19 69
242 123
6 43
199 157
45 258
217 148
59 207
172 139
132 63
158 221
199 26
12 278
11 47
290 25
104 103
185 146
52 210
11 31
243 1
221 92
79 279
178 108
34 208
34 204
71 217
187 82
258 89
87 23
40 27
201 153
213 40
127 202
271 53
55 119
159 45
116 97
19 65
198 127
36 242
155 81
172 171
40 159
261 263
289 275
112 289
95 32
87 185
102 130
127 230
262 56
158 46
271 50
224 287
204 142
199 6
158 36
279 5
81 62
200 75
290 126
155 136
110 78
98 59
36 261
6 265
281 199
228 72
261 115
36 229
91 211
172 180
145 117
176 22
217 8
189 234
129 190
221 161
40 281
108 237
233 87
170 268
187 222
91 235
163 76
185 73
132 121
78 175
227 118
163 110
78 91
19 206
292 201
228 145
55 285
189 283
78 67
290 264
49 200
225 162
79 9
262 114
204 101
107 272
208 152
79 193
189 173
288 262
57 105
281 233
217 66
185 68
36 30
208 218
112 212
128 164
136 70
122 21
117 271
208 257
107 52
88 40
136 197
91 240
117 128
117 33
271 154
261 251
129 96
4 248
159 57
278 160
100 122
17 273
252 288
173 29
11 255
157 243
227 39
52 254
71 232
145 15
189 74
127 286
27 194
201 195
105 187
187 2
45 151
34 196
88 57
107 79
105 216
280 220
225 172
108 12
61 223
200 58
107 49
269 112
210 169
34 17
252 34
55 54
159 158
87 4
221 292
108 219
178 132
277 35
173 155
252 192
52 94
172 188
281 156
117 270
210 253
128 179
71 260
136 3
40 100
112 198
79 131
100 107
208 209
131 177
204 239
243 125
158 170
290 266
49 38
88 213
116 141
131 80
277 102
19 64
187 280
187 183
57 213
131 124
161 267
88 159
262 249
117 19
91 165
155 42
105 109
227 226
225 61
128 85
159 163
210 182
49 28
61 111
288 99
61 113
261 224
292 290
30 236
243 184
277 247
178 77
252 167
213 104
157 129
191 11
16 166
136 144
59 24
38 90
57 269
4 147
222 20
281 138
224 84
290 245
128 246
172 10
194 13
6 14
280 16
288 149
71 48
259 28
223 249
27 191
72 271
20 173
189 278
233 264
27 71
1 240
206 167
113 174
224 66
136 118
224 245
136 193
24 97
162 51
253 11
87 257
288 219
13 178
151 86
222 256
179 205
118 287
169 45
149 112
223 61
70 5
150 152
167 113
73 3
288 179
118 32
206 194
62 13
42 169
222 175
206 168
225 114
82 270
158 148
189 69
175 19
245 139
19 208
27 192
72 81
35 291
288 74
12 33
238 252
126 120
285 182
19 98
131 207
185 143
24 105
167 73
282 172
132 39
118 75
218 37
70 24
40 214
150 149
175 263
175 10
256 272
185 268
175 54
169 110
14 203
160 106
264 18
113 6
62 140
151 195
180 250
236 82
104 185
282 242
91 31
149 276
205 122
219 8
72 226
42 251
132 161
118 124
168 63
62 133
58 92
272 246
187 76
131 279
29 292
185 15
136 213
71 104
223 177
58 183
160 153
276 188
218 22
109 146
218 96
131 280
264 155
263 34
169 64
131 223
263 91
121 21
285 147
233 108
58 89
169 129
254 255
189 141
84 55
222 10
88 224
58 165
24 260
269 40
68 217
54 269
189 274
73 215
181 157
189 134
113 220
261 35
115 163
19 46
266 95
14 238
63 234
225 196
91 243
132 101
225 281
187 93
160 236
19 99
132 135
226 49
79 176
205 259
66 29
205 151
276 17
261 231
104 132
109 216
79 65
180 85
29 235
149 117
282 258
51 103
88 14
126 23
179 233
13 107
179 225
10 181
113 265
128 200
51 197
211 286
179 116
17 90
173 42
149 115
82 228
84 20
66 180
171 254
128 232
88 1
24 4
70 290
206 126
62 204
121 57
256 27
74 273
149 284
12 128
55 218
24 94
12 59
160 145
46 261
68 16
196 78
29 9
150 206
106 87
211 144
171 154
74 227
51 2
70 30
109 209
187 253
259 119
211 60
109 53
269 50
151 166
88 26
71 72
5 111
118 36
84 88
84 175
164 131
121 138
263 160
121 142
225 221
72 239
12 159
14 12
158 41
5 130
79 210
233 38
181 190
51 294
55 47
13 212
158 43
5 67
261 158
253 237
224 62
20 267
150 241
222 84
254 70
10 171
109 80
63 123
46 56
269 102
253 44
269 162
256 84
82 184
224 247
79 125
42 244
211 230
73 277
132 127
246 48
58 52
167 266
66 109
285 156
68 262
5 25
264 198
136 285
187 211
27 164
180 202
256 288
175 150
236 283
269 186
205 77
180 201
63 248
136 282
131 121
206 137
167 83
87 7
104 68
102 170
10 256
70 58
158 293
225 79
73 229
46 187
126 189
199 275
14 199
91 136
46 289
282 100
32 205
274 90
129 8
20 84
97 5
279 162
186 85
32 65
112 104
226 198
274 42
260 224
124 293
53 261
6 152
279 256
10 179
27 191
22 193
97 221
129 264
241 16
22 227
31 102
286 29
240 81
198 26
150 239
10 236
46 79
127 70
206 184
127 27
280 4
279 40
146 148
101 290
242 237
170 203
219 196
18 276
268 15
20 111
150 232
198 53
20 109
17 157
105 36
138 269
79 86
230 206
132 255
104 286
29 119
61 37
124 6
10 260
243 100
10 89
43 13
250 25
6 243
29 56
249 113
227 117
237 217
198 99
241 24
124 17
203 287
97 106
112 52
230 233
283 94
101 139
71 213
29 142
271 246
17 263
125 259
268 12
126 158
127 226
231 200
227 82
127 247
61 130
53 267
203 133
68 204
138 212
237 135
105 128
250 154
244 278
89 174
150 87
156 160
91 171
17 18
283 197
69 143
91 45
170 182
44 96
241 93
227 271
240 270
191 215
245 222
250 166
160 172
146 41
79 126
28 273
237 2
61 175
104 169
280 176
126 59
256 32
245 151
240 120
244 277
275 214
129 167
282 17
282 263
44 35
71 192
129 115
113 54
18 14
207 281
221 47
113 189
114 69
191 60
122 249
18 219
30 46
132 116
150 83
227 209
203 245
97 186
286 272
28 234
131 274
230 105
71 78
260 216
146 44
282 114
182 265
285 258
133 262
112 19
27 51
113 187
61 181
31 257
271 28
43 183
140 76
191 251
31 67
241 266
221 195
103 292
71 144
30 74
283 3
95 163
97 107
149 159
245 180
18 170
13 147
286 110
146 190
13 118
20 252
101 165
17 127
218 289
102 9
126 50
249 95
250 38
170 97
89 177
242 149
279 207
28 7
114 124
157 218
221 72
156 188
43 91
156 146
149 153
248 285
122 156
221 235
101 210
32 1
23 150
243 268
68 43
198 241
124 112
105 33
263 114
31 230
260 34
125 194
105 220
124 22
31 131
79 49
79 250
29 164
60 64
149 225
170 11
122 253
156 145
237 284
13 62
43 161
102 80
263 132
126 185
282 124
263 30
285 201
230 140
110 228
182 280
91 77
219 123
69 283
46 202
104 39
274 178
104 10
117 138
198 294
145 155
126 48
32 229
244 173
122 231
23 125
79 20
133 21
22 68
285 71
13 254
250 73
13 134
242 244
102 129
6 168
89 291
114 275
112 211
113 240
150 108
206 238
206 223
53 92
6 31
12 121
280 141
206 55
243 103
237 75
203 63
243 137
129 66
249 23
27 242
293 279
125 208
279 58
43 61
275 248
243 57
260 98
182 288
68 199
162 88
114 122
249 136
23 101
238 18
130 118
56 26
26 240
33 255
184 253
265 263
37 133
223 102
55 46
105 144
196 122
154 140
178 157
281 174
178 223
236 204
55 25
32 291
238 222
293 43
126 244
37 270
85 282
281 248
214 210
32 229
59 243
56 264
144 275
272 44
22 87
281 148
50 161
131 167
220 106
175 208
293 226
73 107
210 257
65 289
281 241
15 10
223 95
120 76
11 196
278 47
157 2
137 232
105 19
179 80
26 85
181 212
154 159
239 75
175 65
238 220
20 127
118 197
104 143
171 198
211 39
196 175
224 199
90 60
13 142
144 273
31 218
85 277
200 79
182 55
121 4
13 113
220 192
21 94
143 82
274 41
141 61
178 269
245 73
32 66
6 50
271 261
35 97
144 211
210 68
58 147
243 38
144 194
59 137
58 54
122 231
157 165
187 86
224 37
175 271
265 57
21 58
249 139
154 207
11 180
118 15
55 265
118 294
32 285
6 224
35 262
180 62
126 267
90 178
229 230
294 52
141 183
26 129
56 182
141 279
6 49
187 69
293 150
101 264
137 117
171 128
28 278
157 156
50 179
274 259
278 187
28 286
15 173
35 228
59 184
204 206
249 209
184 152
262 27
220 59
184 135
163 32
15 51
280 283
293 134
25 126
56 105
101 56
210 242
180 172
94 123
120 221
72 124
272 24
137 98
186 131
239 236
118 233
110 90
47 288
210 5
35 287
191 125
287 99
21 120
223 260
203 53
214 280
101 11
20 171
278 33
272 145
249 254
264 89
21 185
187 119
286 13
171 201
203 3
32 256
104 268
103 234
37 81
245 116
28 104
285 153
144 186
143 91
20 154
28 246
143 189
37 190
294 96
294 74
182 45
182 200
71 166
137 162
137 88
94 115
178 64
89 138
187 237
262 14
33 284
178 141
33 100
191 16
26 30
85 20
141 29
21 213
171 276
101 196
224 181
243 202
264 31
105 28
141 251
272 103
224 252
103 12
56 163
204 112
122 191
218 160
225 109
263 78
94 17
33 219
204 293
191 1
200 21
175 245
291 203
89 6
262 84
6 35
143 92
104 193
120 217
179 83
280 93
203 258
225 274
118 63
287 36
105 155
120 40
263 48
203 169
55 227
143 235
15 70
261 164
50 290
196 239
85 225
271 67
179 158
89 7
13 42
20 205
214 281
11 110
73 249
200 195
264 238
94 266
120 168
106 215
106 250
264 11
278 23
281 292
238 130
73 9
250 111
274 136
224 132
271 121
271 272
157 177
280 146
28 247
71 176
243 149
58 188
73 8
245 214
110 108
106 34
223 170
89 71
186 77
274 151
223 216
196 56
225 72
245 22
263 114
88 252
7 149
63 255
213 169
199 177
91 8
121 63
224 216
87 144
167 77
9 42
272 61
52 179
264 285
166 59
1 190
213 227
192 101
98 31
230 67
68 34
97 233
99 129
110 60
230 200
199 137
148 234
144 133
200 78
22 251
198 212
42 275
100 95
197 35
249 282
224 39
184 167
151 202
204 41
202 237
138 135
105 168
197 63
30 92
171 50
249 267
97 158
159 142
94 55
63 138
53 253
140 174
255 225
129 76
81 103
198 222
213 280
232 241
167 25
208 217
249 277
38 68
233 79
121 151
58 165
228 106
174 172
138 110
133 156
186 289
97 284
190 111
249 72
35 259
30 66
143 26
192 176
186 170
280 186
133 159
133 294
262 11
159 269
204 100
102 274
272 283
252 75
156 195
259 178
58 204
28 19
119 279
197 139
52 118
249 147
278 148
280 220
129 244
121 197
53 162
43 238
129 33
262 193
119 164
254 105
233 134
43 132
62 18
68 180
156 32
42 108
132 82
167 150
225 182
100 104
119 242
225 28
44 80
203 37
97 171
228 53
235 254
107 184
16 261
184 160
7 24
156 57
192 231
112 84
81 292
53 136
225 21
190 126
230 15
166 209
100 270
99 7
272 96
110 9
192 30
88 250
16 91
63 88
209 54
139 203
166 153
81 70
7 40
173 206
132 201
38 232
62 166
68 215
208 146
264 163
1 161
266 236
148 117
121 202
199 191
252 205
254 122
237 27
18 49
63 235
139 208
16 43
90 218
213 47
139 16
197 71
110 278
16 152
186 286
171 85
278 157
261 249
199 265
264 243
1 221
18 29
171 240
71 107
119 2
133 199
259 210
248 23
146 175
174 128
288 22
204 183
209 196
264 131
53 69
254 123
254 36
199 226
225 124
156 83
213 140
288 266
208 192
140 248
202 288
233 89
164 230
259 154
112 64
252 228
71 247
90 281
202 197
63 151
190 194
252 38
123 264
227 90
27 127
167 4
261 198
166 52
87 14
174 141
129 114
288 62
262 260
35 271
173 258
139 130
18 143
44 256
1 291
230 290
84 65
204 44
186 257
81 3
202 173
280 125
140 113
129 293
228 98
18 81
232 273
156 115
102 6
18 187
62 1
144 17
198 276
58 86
148 189
255 46
151 87
159 223
88 74
110 51
209 245
204 262
99 224
90 188
133 13
255 93
232 116
186 263
97 185
224 45
43 214
272 207
151 119
208 94
43 219
138 58
38 73
255 213
225 112
100 239
184 181
140 272
266 246
102 56
171 268
254 109
38 120
100 12
88 5
122 20
159 287
44 211
261 102
164 99
279 97
174 48
132 155
68 229
44 145
198 10
255 187
221 78
89 73
275 174
115 282
290 236
81 61
31 284
74 9
105 69
127 277
79 164
256 291
236 268
91 24
46 186
189 121
222 258
170 264
193 289
42 288
84 172
8 144
146 280
46 51
213 273
100 238
205 22
112 154
134 251
193 84
248 173
123 189
247 184
112 32
213 276
140 183
165 168
51 45
103 46
286 163
96 267
145 135
75 123
186 56
288 198
230 83
81 201
228 66
100 86
119 209
205 231
127 25
146 271
55 13
70 142
27 38
8 182
279 166
103 293
46 40
142 5
251 122
100 204
123 62
51 263
228 14
13 44
284 30
70 272
71 162
84 68
256 290
100 133
105 64
47 175
31 254
125 141
280 55
170 178
54 190
88 225
112 224
244 104
14 2
257 208
29 199
236 242
62 212
286 71
51 180
236 19
61 43
158 16
62 93
14 155
140 118
286 248
47 70
134 244
98 218
278 94
13 261
27 246
193 113
230 8
91 136
125 234
91 18
122 117
127 108
115 49
164 153
103 179
60 259
75 127
96 274
236 116
284 191
91 222
99 63
103 88
140 243
146 75
159 106
3 194
27 11
279 89
115 132
205 52
163 81
287 57
82 145
123 74
160 134
211 128
55 151
89 31
120 256
288 275
247 110
127 111
117 41
160 286
21 202
80 102
278 47
60 159
225 67
13 97
105 177
158 205
210 287
84 176
189 26
256 54
61 15
167 131
112 28
112 171
163 120
222 232
84 1
71 42
230 39
256 211
269 35
149 105
170 229
62 185
192 214
61 143
192 285
244 125
288 219
55 119
8 265
170 95
225 50
213 92
89 195
160 163
189 235
159 253
13 292
46 167
222 223
251 29
132 158
96 196
141 152
225 156
94 227
251 286
142 109
107 281
42 237
70 241
66 220
205 188
210 37
60 124
257 114
279 192
228 4
80 10
275 139
103 247
51 294
167 147
60 165
142 65
61 221
228 149
189 283
230 140
55 129
119 203
42 7
47 91
132 33
287 207
98 148
170 20
237 260
251 278
81 103
159 270
256 266
141 257
140 216
141 112
160 251
164 3
107 53
193 213
8 130
91 262
230 107
248 79
222 72
165 138
71 255
14 250
55 249
257 34
149 96
167 90
119 87
247 170
107 77
27 217
105 239
163 279
257 181
262 126
27 252
288 36
200 226
163 115
164 161
284 59
3 137
145 6
132 193
134 146
29 206
141 100
286 210
14 98
98 58
25 23
163 134
115 48
189 76
278 80
167 215
146 240
149 27
3 233
89 82
42 200
140 150
74 157
71 228
158 99
287 12
47 60
81 245
74 197
61 269
141 169
3 101
257 85
132 17
192 230
269 21
27 108
211 237
219 18
264 134
58 144
226 216
7 260
32 207
227 223
223 198
130 272
228 79
29 150
39 19
115 33
271 251
163 238
82 292
122 93
274 95
163 174
3 194
69 122
269 275
179 227
69 158
242 280
26 139
61 191
271 136
16 293
102 46
3 55
96 178
93 57
68 87
116 77
214 218
122 172
94 230
81 115
173 217
94 45
166 171
179 112
116 83
88 269
27 239
65 129
166 56
262 85
60 119
291 51
45 81
57 96
8 52
291 157
228 48
87 192
93 30
203 92
27 146
69 179
256 35
281 182
126 76
225 258
37 8
80 214
219 168
61 175
96 11
30 255
285 24
53 153
172 86
16 232
43 128
82 23
8 142
96 98
274 47
29 289
68 82
195 279
181 94
247 10
37 185
264 4
158 130
82 53
203 278
247 40
262 190
87 65
135 72
130 107
53 241
135 44
26 245
87 196
143 254
42 141
101 187
236 143
177 268
80 215
105 271
6 219
69 181
285 14
257 13
161 173
111 1
272 200
179 181
122 149
112 291
219 294
65 229
94 74
107 111
181 122
122 158
68 220
285 26
158 236
179 126
219 155
228 201
236 9
226 209
195 221
173 110
57 285
8 231
219 282
262 156
42 165
281 253
7 249
223 176
58 28
162 203
170 276
256 118
130 147
247 259
203 21
135 270
211 113
7 243
161 89
223 121
61 180
271 163
178 70
186 290
80 233
163 169
281 3
29 37
246 261
60 151
214 34
126 54
116 63
242 262
274 102
186 252
228 97
101 266
135 67
243 41
3 15
166 250
256 109
27 226
160 105
291 193
214 91
143 205
37 212
42 199
173 25
61 78
157 287
136 38
247 159
195 267
27 42
172 84
178 208
126 29
102 277
65 138
42 288
223 75
60 166
105 140
39 99
61 132
80 124
124 104
158 101
115 283
112 39
291 88
158 179
274 264
226 2
226 133
274 73
39 27
287 188
264 213
107 177
178 183
181 160
107 116
239 222
271 263
242 202
124 184
161 32
136 244
53 59
256 154
126 265
149 225
121 131
30 167
68 162
116 186
239 114
6 195
57 80
287 50
81 61
53 36
88 90
187 60
87 247
223 204
166 234
65 12
29 161
192 120
81 58
16 100
8 240
211 6
136 64
271 135
93 43
246 170
262 106
96 127
173 62
226 235
7 5
211 281
269 224
285 206
115 66
163 17
143 273
53 123
130 211
198 103
239 22
94 31
102 125
178 20
264 145
176 228
112 210
6 256
269 248
281 197
262 246
26 117
58 148
160 49
135 137
68 152
37 16
107 164
136 284
179 242
163 71
85 189
74 274
96 257
113 286
242 68
45 7
4 226
155 219
29 137
31 175
174 294
271 255
25 214
240 1
71 53
45 282
174 18
180 130
275 82
273 27
192 49
248 256
81 290
10 141
268 42
238 274
166 74
243 44
200 284
235 6
228 87
87 15
205 209
138 75
254 252
48 79
123 277
128 5
199 211
274 25
29 237
57 37
283 236
80 183
152 158
282 11
106 190
294 169
274 89
200 171
95 115
222 8
271 239
45 24
19 231
157 78
21 215
61 222
25 151
254 88
157 181
125 91
250 257
243 225
45 289
166 170
240 26
63 248
157 212
149 214
100 64
287 36
211 128
16 272
264 77
172 84
243 85
91 110
275 83
180 250
182 260
45 191
138 58
63 187
235 134
16 200
167 153
160 135
192 176
196 51
214 238
104 278
204 99
89 123
271 267
92 93
10 122
294 46
31 35
270 148
222 69
71 180
123 102
29 291
8 138
71 56
151 94
2 104
283 259
190 163
61 189
178 90
214 106
199 279
265 31
157 41
87 162
282 97
136 184
256 157
265 283
61 33
94 182
222 228
71 131
222 253
80 114
108 173
118 103
228 30
152 12
94 168
244 271
264 150
255 48
31 86
160 203
239 50
279 120
128 263
148 142
128 133
115 276
149 238
274 16
108 201
287 258
284 172
89 152
214 167
118 223
92 292
48 288
8 160
92 262
283 144
149 25
94 229
149 274
108 39
273 199
136 119
2 80
10 32
200 196
269 95
21 43
128 207
16 22
294 72
91 166
48 113
271 268
91 154
80 7
254 241
204 68
167 45
106 230
200 177
254 224
138 55
152 57
81 65
87 281
274 61
238 240
269 213
25 63
91 132
118 251
167 21
2 105
151 185
94 2
48 121
275 216
264 233
19 247
118 139
123 81
110 54
283 164
248 195
57 19
178 165
256 92
191 266
166 38
24 129
279 111
160 124
92 293
228 205
283 218
152 161
196 264
110 23
136 3
172 145
18 198
273 125
211 10
199 156
282 235
200 174
110 217
108 206
110 117
172 285
190 107
161 4
115 204
136 40
100 194
264 140
174 118
282 143
274 244
238 273
238 270
115 101
21 265
4 59
192 221
214 269
229 178
256 112
229 202
87 286
265 136
81 70
204 208
151 100
2 188
81 254
19 159
196 14
43 193
287 243
271 186
16 71
290 60
287 227
81 108
160 28
178 210
273 179
290 34
128 242
182 155
8 9
204 246
294 52
29 197
229 249
131 126
153 109
182 275
61 261
151 47
254 245
29 20
190 98
174 62
91 232
157 96
8 67
120 116
264 13
279 234
290 76
2 220
71 146
182 280
80 73
211 192
155 127
256 29
21 287
256 17
89 66
167 147
254 229
274 51
11 77
37 251
292 160
7 230
204 284
249 42
8 97
139 119
104 204
234 117
293 174
290 111
52 58
206 135
12 167
32 93
289 120
51 151
119 207
249 53
264 6
203 12
224 176
49 137
10 124
101 107
19 4
65 221
8 80
203 74
236 209
104 291
224 103
10 55
239 8
231 41
7 21
152 27
249 89
158 132
158 72
18 62
65 134
105 274
274 113
159 65
14 220
222 293
204 265
5 35
41 280
146 205
52 192
52 125
178 86
256 226
254 170
114 198
105 38
113 104
289 183
151 101
265 121
291 171
42 238
263 61
7 163
280 133
278 40
217 275
63 47
218 206
88 147
105 98
263 144
280 190
187 30
71 146
203 91
185 246
130 223
234 43
214 34
88 158
264 179
206 22
206 270
214 31
9 110
217 83
244 263
286 188
127 26
256 99
90 255
168 256
290 122
52 106
290 141
49 54
274 88
250 189
217 75
210 162
87 69
14 10
256 2
159 1
151 244
187 224
263 191
152 262
139 181
32 3
290 186
127 20
293 92
250 184
234 131
168 67
88 156
38 274
168 173
10 87
113 231
37 25
200 81
87 276
9 64
41 157
214 127
293 96
42 266
187 241
151 85
204 217
113 202
173 57
115 164
235 279
87 245
214 116
221 63
71 254
49 178
190 60
19 143
115 268
63 56
231 180
238 267
249 258
126 14
130 79
181 243
235 222
11 153
41 139
254 257
200 71
187 52
32 185
73 172
264 129
128 271
152 148
10 19
168 7
265 13
90 115
146 149
234 235
250 108
126 66
158 9
37 193
274 203
222 250
113 98
265 252
178 233
72 286
249 76
9 210
150 261
237 239
222 289
203 78
236 11
210 242
119 197
87 211
139 152
10 264
265 128
263 123
254 154
105 113
150 45
250 277
43 232
71 109
49 269
117 28
202 292
145 187
85 82
19 216
71 290
119 155
169 283
218 130
265 169
5 247
117 278
256 16
158 168
98 38
286 213
200 59
12 260
250 281
218 84
280 23
19 166
169 24
210 253
187 36
44 294
289 195
169 70
98 90
169 219
181 112
254 208
130 138
181 273
206 136
185 175
65 236
286 196
210 282
279 94
218 259
167 37
151 29
159 200
38 150
167 272
127 15
239 201
231 145
37 140
264 285
151 142
73 237
12 218
7 194
8 199
71 118
217 114
98 234
274 159
104 5
114 68
239 161
224 46
146 215
117 49
275 240
235 33
158 39
167 44
204 32
38 126
88 249
65 17
19 212
181 100
115 248
210 48
275 182
235 214
8 228
185 95
89 287
231 227
181 165
264 177
275 288
293 102
11 50
12 225
98 73
117 18
27 238
76 237
179 285
236 26
293 271
276 258
147 158
22 214
236 259
133 63
182 195
138 36
36 57
159 109
37 254
244 22
92 236
18 47
39 188
134 284
100 232
290 122
211 141
40 261
177 244
37 151
22 294
221 75
223 140
33 170
80 4
96 229
122 112
256 92
129 154
183 239
243 191
157 153
19 189
62 42
243 174
37 53
256 94
280 179
195 168
106 190
99 152
258 101
259 117
214 266
22 160
45 150
62 6
152 185
205 264
169 187
29 274
66 96
147 143
163 32
2 177
13 235
29 146
66 165
80 142
18 45
181 249
12 292
195 220
266 23
135 82
94 30
10 95
69 134
30 245
39 1
10 120
39 250
39 155
163 24
221 268
36 76
33 180
246 149
194 209
280 213
163 28
11 133
223 7
100 205
208 148
244 51
43 277
70 256
94 38
63 60
211 62
114 65
181 21
29 275
248 19
29 262
19 260
293 241
106 66
43 203
80 84
38 85
135 67
266 145
38 169
18 39
287 129
62 90
237 269
18 221
70 177
22 211
129 167
18 234
43 204
181 126
114 43
159 102
177 276
287 243
218 103
134 61
39 216
62 46
40 210
52 200
165 281
205 280
276 11
94 286
37 131
237 270
77 83
123 166
159 227
223 233
179 186
218 182
221 118
77 37
89 289
50 44
181 14
165 15
208 108
45 193
163 97
243 87
221 116
258 228
12 230
40 41
133 267
227 215
77 278
259 86
266 251
237 105
50 64
290 13
125 128
37 197
199 5
205 293
65 54
140 130
27 49
68 144
256 68
165 55
100 178
89 27
211 121
20 89
217 56
122 172
158 73
89 79
38 78
135 69
65 115
27 35
178 255
2 11
70 248
159 163
10 222
36 3
259 110
137 207
159 16
125 265
29 196
137 162
236 176
45 127
228 194
92 287
169 104
33 25
114 173
293 10
179 175
33 202
2 70
243 184
106 147
135 99
137 263
223 113
217 135
218 290
280 242
182 80
152 31
276 199
121 111
177 138
287 29
290 212
147 132
27 192
59 282
96 8
11 123
182 136
100 257
92 157
63 18
178 273
165 247
177 217
12 124
36 246
256 58
11 70
217 208
237 164
22 77
70 59
244 88
43 17
80 161
258 106
218 219
125 226
7 183
258 156
177 125
66 137
211 40
122 224
195 91
208 114
165 171
5 34
223 198
45 288
248 291
129 9
152 71
81 98
276 100
7 240
194 272
96 93
94 52
19 231
2 276
59 20
92 74
205 159
114 33
194 201
244 223
65 107
33 48
236 283
99 139
40 119
123 279
38 72
122 253
36 81
45 206
280 50
194 181
125 218
182 252
194 12
114 225
157 159
30 8
243 25
267 291
212 88
199 264
125 268
241 46
219 35
30 27
79 34
242 22
21 186
111 157
229 207
176 237
222 76
227 195
267 125
278 108
87 4
247 221
220 216
22 173
188 278
188 150
254 246
79 143
263 286
278 23
92 153
81 218
70 116
98 82
227 139
264 198
118 58
186 32
186 290
179 282
276 168
281 203
222 215
212 214
213 238
278 156
286 254
153 292
116 113
293 53
42 162
266 44
222 174
279 260
281 123
188 102
219 136
112 73
110 57
70 236
185 21
116 211
55 145
59 17
9 147
238 175
273 161
153 54
127 289
179 96
42 124
58 149
203 78
102 288
127 42
203 132
198 24
153 2
179 141
98 250
150 230
199 220
220 92
266 187
18 48
95 115
167 184
203 75
242 40
116 142
102 166
186 241
276 259
213 137
236 231
114 118
68 160
98 104
232 120
125 180
227 38
143 155
216 59
242 212
276 280
198 1
114 84
243 107
27 222
21 30
1 41
79 135
40 178
30 223
98 252
238 224
125 206
6 188
161 294
232 128
119 190
21 256
18 112
59 234
266 49
278 233
42 253
152 66
207 146
273 244
212 255
188 285
207 37
15 114
185 182
9 119
238 225
164 170
157 249
182 140
85 192
143 202
138 167
58 65
278 251
229 91
273 94
273 63
216 6
100 176
172 81
127 61
77 13
15 208
157 3
114 9
212 129
111 55
186 36
179 245
167 100
153 152
41 11
276 16
236 151
184 19
27 87
119 67
220 273
154 74
243 26
21 293
220 264
10 131
203 39
286 98
70 163
290 257
198 283
22 64
102 28
44 287
100 213
207 177
22 90
242 103
199 138
227 284
9 247
266 248
188 45
161 43
204 239
176 68
242 240
111 243
161 267
116 181
68 193
112 242
241 93
213 10
125 72
49 262
199 185
100 79
77 7
286 269
286 69
286 109
40 205
216 33
77 5
220 15
222 89
114 281
236 56
219 77
55 197
40 270
138 110
176 51
70 106
150 20
41 204
203 228
100 235
87 265
127 31
114 29
59 217
59 229
243 71
154 279
6 158
27 227
210 101
238 60
119 165
164 47
292 179
41 277
279 183
213 275
161 70
150 134
6 272
85 194
79 232
279 14
213 52
153 99
185 220
167 210
266 274
87 62
281 226
243 191
15 266
40 105
119 169
99 200
17 164
185 154
254 117
138 172
58 261
77 97
41 50
241 171
110 121
227 133
143 271
210 122
9 276
264 18
264 138
198 263
267 95
68 80
49 144
102 83
8 258
1 111
22 12
138 185
32 209
30 127
40 86
15 148
196 219
182 196
241 85
55 130
144 201
22 126
254 189
48 233
209 118
198 57
11 273
212 220
289 164
54 206
158 189
11 248
42 158
223 36
152 276
160 115
47 245
251 207
159 63
289 188
205 123
89 77
160 116
253 106
89 6
69 216
176 50
180 128
268 214
52 139
212 120
191 93
39 68
3 174
176 169
273 144
189 259
226 200
253 171
140 146
34 275
42 34
7 43
174 69
229 33
229 136
47 270
66 122
47 95
276 73
30 133
99 129
174 172
269 142
161 94
134 2
274 229
140 149
134 182
223 13
52 240
118 134
89 35
38 232
180 148
139 7
45 199
39 175
170 241
252 58
30 9
269 190
36 157
105 65
254 281
254 4
226 20
212 45
231 138
61 42
212 253
209 251
274 170
34 10
97 265
40 18
170 67
105 211
48 5
275 22
149 294
206 55
7 84
44 204
289 176
170 31
38 152
112 114
209 140
139 222
7 29
137 153
45 107
268 91
198 132
176 177
202 266
152 54
254 236
139 44
269 102
158 125
269 27
219 230
232 168
97 196
22 160
24 111
223 225
152 105
2 268
47 228
209 191
54 221
289 161
174 17
48 167
276 12
24 8
126 184
137 260
218 99
251 205
205 76
209 226
24 293
25 215
95 154
258 238
248 258
274 219
225 231
151 246
152 234
282 212
97 178
189 277
232 244
22 86
228 202
61 38
140 223
237 1
40 143
191 255
97 247
189 41
198 51
253 292
160 135
36 37
61 285
219 81
95 249
159 262
267 96
219 173
226 32
287 284
267 163
157 155
7 25
174 66
191 61
198 257
151 119
164 83
226 47
45 242
56 117
45 28
267 252
56 21
42 52
267 39
197 14
217 59
276 197
9 256
92 209
95 237
24 130
149 150
268 227
228 291
92 42
174 180
160 74
240 82
112 100
273 126
180 98
205 62
112 26
94 286
48 194
276 97
237 283
69 104
40 141
170 271
3 208
61 218
39 269
252 80
134 88
274 213
161 137
180 235
252 159
22 16
273 19
176 112
66 193
162 64
159 201
124 46
202 87
205 30
276 110
251 267
165 254
228 162
202 78
42 209
255 3
25 179
206 60
94 279
231 108
139 124
105 151
224 195
180 79
159 103
93 131
229 187
258 109
268 156
159 85
95 198
157 121
134 287
285 263
94 185
255 70
54 147
38 217
219 280
69 272
93 23
39 48
274 75
94 210
205 90
134 224
66 290
66 183
170 72
248 24
157 288
258 181
40 145
56 278
285 282
137 113
285 11
69 250
267 165
69 203
251 243
285 239
237 192
161 40
52 289
94 261
202 49
52 101
92 191
248 56
149 274
92 61
175 15
105 89
223 166
212 127
273 186
206 53
24 71
62 264
172 89
124 156
84 216
16 264
49 36
234 248
2 207
178 88
119 59
61 262
117 41
139 209
235 24
33 289
115 174
85 26
22 288
183 153
88 11
59 270
188 186
160 18
139 104
56 277
186 152
122 143
133 178
160 240
103 191
180 257
107 159
105 287
22 167
131 66
121 21
133 87
84 54
259 245
254 7
25 232
252 57
60 82
134 58
188 215
83 166
256 30
229 163
131 134
259 85
14 217
260 224
26 211
178 98
83 120
254 171
264 73
60 71
33 292
143 116
13 255
13 266
88 80
61 268
285 25
121 142
17 125
137 45
236 35
16 55
144 103
104 128
152 144
98 43
117 133
251 205
189 79
230 227
235 10
160 62
236 249
12 33
131 246
183 136
124 6
266 218
139 111
93 198
180 194
209 81
262 113
103 200
83 208
172 221
84 184
247 234
235 279
180 132
115 254
268 145
251 91
33 44
186 78
59 175
4 195
294 275
262 187
103 206
275 40
98 284
22 32
268 97
93 214
61 189
100 193
252 76
114 151
17 251
180 65
78 258
252 99
161 272
84 233
100 51
151 112
262 123
230 9
134 212
238 83
59 239
156 1
6 14
183 204
264 192
22 150
212 96
88 250
254 94
3 64
262 140
104 185
105 110
175 90
98 181
131 126
6 283
6 61
152 16
2 280
93 182
215 92
98 38
172 148
4 285
266 77
151 72
260 154
6 226
133 241
12 75
172 286
152 215
26 220
88 108
26 230
125 222
17 84
125 210
268 129
213 105
83 172
100 127
236 263
124 170
139 231
209 20
85 2
234 8
293 37
62 162
179 146
4 243
236 138
169 149
2 252
235 290
213 291
121 219
283 39
188 152
119 115
143 121
248 164
33 269
14 168
25 242
152 117
143 180
259 278
292 53
85 130
143 236
122 199
137 52
230 190
93 119
215 247
85 139
73 56
14 281
137 235
175 197
83 100
131 109
178 27
119 158
178 183
12 293
49 86
22 225
215 259
109 155
278 276
60 228
264 260
92 238
189 165
13 17
62 42
259 157
78 122
178 282
143 74
270 106
3 19
251 102
152 93
12 179
92 265
121 177
103 161
191 267
119 261
278 274
125 5
264 273
88 67
188 247
264 137
92 13
124 12
248 244
292 70
151 101
268 95
121 47
4 213
103 114
60 237
62 201
26 253
262 69
26 229
169 202
175 63
62 15
3 118
248 141
115 256
180 23
137 60
256 46
14 3
247 124
115 29
92 173
266 107
215 294
117 4
56 271
189 68
56 50
45 196
175 28
151 147
247 49
105 48
84 34
260 22
16 131
36 160
186 169
230 223
16 203
256 176
104 31
247 186
256 135
37 169
211 209
238 277
238 227
68 86
153 115
95 45
185 230
104 26
201 84
282 199
114 96
126 170
32 156
289 141
154 193
75 57
142 52
254 176
198 261
139 244
196 153
63 181
254 20
241 291
104 13
160 206
139 70
209 79
32 281
205 64
154 30
6 250
167 192
125 114
262 256
211 116
144 139
278 164
94 180
294 290
161 90
200 194
27 220
144 72
95 12
37 10
249 48
185 150
160 42
180 92
153 216
54 211
114 123
104 44
183 225
196 16
220 293
32 270
77 210
227 284
233 188
225 172
262 237
201 131
167 189
127 34
71 264
242 197
252 228
153 111
8 267
143 292
217 17
261 78
154 222
267 144
127 91
284 294
257 221
71 100
87 38
75 159
191 175
191 163
157 33
8 162
143 28
278 173
139 147
37 248
92 29
294 174
221 271
242 229
284 273
225 63
32 121
45 231
35 56
142 94
154 118
160 25
180 200
147 155
6 178
217 107
160 151
252 246
221 4
221 51
200 80
257 289
227 168
262 177
28 275
39 158
162 142
119 190
28 2
227 239
50 81
127 285
28 217
116 234
261 127
157 257
129 130
294 7
92 214
289 283
143 125
261 160
191 212
75 31
183 148
147 154
87 135
254 245
234 235
211 27
221 124
242 49
19 279
127 223
122 15
262 1
144 88
8 211
167 128
116 14
209 254
86 24
67 165
27 269
68 62
264 120
127 259
55 138
225 226
225 102
63 47
162 54
200 272
136 32
201 171
142 224
122 129
140 98
157 249
136 205
294 152
55 258
89 110
264 21
55 50
55 202
126 66
291 149
267 145
284 253
242 240
50 108
261 87
200 99
257 89
221 146
160 65
201 61
217 287
163 53
8 54
198 274
183 134
35 215
92 195
86 132
139 218
207 43
188 73
82 133
218 186
89 213
220 276
54 122
217 286
104 75
209 161
39 113
267 183
54 35
267 162
218 242
37 232
191 236
54 241
203 282
119 103
220 3
235 251
119 185
39 69
15 68
75 265
185 74
254 55
143 117
89 97
233 77
167 280
145 233
261 268
218 208
95 204
95 22
136 37
5 67
144 247
15 119
71 11
207 196
183 143
211 267
87 105
207 203
67 187
82 198
67 266
67 243
289 46
252 59
114 260
68 278
289 41
140 288
235 106
147 39
184 104
162 82
284 252
238 207
157 71
186 166
233 112
140 23
235 262
119 36
142 184
200 93
264 40
217 85
71 263
122 126
87 76
225 19
143 136
15 95
176 83
245 182
6 255
233 101
95 201
284 167
94 191
267 238
181 60
282 109
209 157
207 137
180 140
278 18
104 6
136 219
294 179
147 58
233 5
68 9
